0 652.67 203.81 674.67 226.81
0 469.55 178.34 502.55 213.34
0 651.6 90.11 671.6 121.11
0 657.46 138.85 679.46 163.85
0 629.72 4.77 661.72 36.77
0 711.54 80.07 732.54 97.07
0 745.49 12.91 771.49 31.91
0 787.5 77.88 813.5 108.88
0 896.74 36.3 922.74 57.3
0 364.45 333.82 407.45 376.82
0 412.83 390.9 449.83 430.9
0 405.73 478.09 425.73 504.09
0 746.13 483.67 768.13 506.67
0 786.72 386.94 806.72 403.94
0 873.9 318.26 888.9 337.26
0 273.57 523.72 320.57 554.72
0 143.85 749.2 175.85 789.2
0 99.67 706.67 126.67 735.67
0 341.11 691.63 367.11 717.63
0 686.35 715.2 711.35 738.2
0 734.1 701.23 751.1 722.23
0 42.07 1005.45 86.07 1025.45
0 61.04 889.03 94.04 917.03
0 795.17 789.93 813.17 807.93
0 80.47 835.11 111.47 869.11
0 72.89 769.72 126.89 799.72
0 246.67 754.85 266.67 782.85
0 299.54 776.81 321.54 803.81
0 339.43 819.78 360.43 840.78
0 184.83 881.21 209.83 900.21
0 40.16 935.25 68.16 974.25
0 571.84 737.29 594.84 767.29
0 649.21 722.21 675.21 746.21
0 799.06 741.25 820.06 760.25
0 161.66 964.75 184.66 988.75
0 128.06 998.04 150.06 1023.04
0 400.91 518.82 424.91 546.82
0 314.04 470.11 347.04 499.11
0 421.74 455.1 441.74 467.1
0 394.6 585.03 413.6 598.03
0 567.43 492.21 583.43 508.21
0 786.77 578.26 801.77 596.26
0 725.48 384.95 745.48 401.95
0 959.89 595.15 974.89 609.15
0 495.62 366.98 520.62 403.98
0 311.97 415.97 341.97 443.97
0 392.66 269.8 429.66 297.8
0 421.32 196.16 451.32 225.16
0 523.82 133.16 554.82 162.16
0 869.27 193.01 888.27 207.01
0 917.6 139.61 934.6 156.61
0 784.85 56.14 799.85 73.14
0 624.9 40.78 651.9 75.78
0 572.12 165.82 593.12 186.82
0 541.94 316.77 562.94 334.77
0 516.97 304.12 537.97 324.12
0 439.81 309.95 467.81 335.95
0 813.92 501.01 830.92 520.01
0 152.35 689.96 176.35 715.96
0 515.69 765.28 538.69 783.28
0 117.78 958.82 138.78 977.82
0 793.95 698.1 811.95 713.1
0 622.24 623.07 639.24 642.07
0 555.71 671.98 581.71 694.98
0 605.95 407.86 618.95 430.86
2 148.07 675.56 183.07 685.56
2 207.85 925.8 212.85 936.8
2 184.67 988.65 190.67 1001.65
2 375.85 694.22 387.85 721.22
2 492.76 740.07 502.76 765.07
2 599.73 850.0 622.73 859.0
2 583.5 959.66 603.5 967.66
2 661.09 994.71 667.09 1010.71
2 689.89 912.68 710.89 924.68
2 693.93 809.97 701.93 824.97
2 709.07 873.63 716.07 887.63
2 894.06 785.01 912.06 795.01
2 -0.96 841.68 38.04 885.68
2 223.11 686.32 261.11 724.32
2 195.54 721.01 236.54 766.01
2 852.11 770.28 887.11 805.28
2 188.71 622.76 225.71 659.76
2 449.83 534.91 490.83 575.91
2 474.87 595.06 503.87 624.06
2 540.56 356.64 593.56 409.64
2 359.47 413.06 376.47 466.06
2 519.89 433.05 529.89 468.05
2 469.96 478.0 476.96 503.0
2 580.84 426.18 588.84 441.18
2 623.28 452.71 633.28 469.71
2 643.02 333.54 673.02 345.54
2 605.05 275.17 623.05 281.17
2 696.76 519.99 705.76 534.99
2 852.56 431.8 859.56 447.8
2 905.58 459.21 915.58 481.21
2 871.76 437.03 884.76 444.03
2 822.77 369.05 844.77 391.05
2 793.84 425.06 816.84 448.06
2 966.56 234.28 991.56 258.28
2 878.07 237.67 898.07 249.67
2 946.22 219.74 969.22 229.74
2 807.12 248.11 829.12 257.11
2 691.65 241.09 717.65 249.09
2 839.0 141.74 859.0 148.74
2 732.77 127.7 743.77 161.7
2 610.99 154.12 640.99 164.12
2 600.56 106.44 611.56 155.44
2 696.78 -1.43 706.78 48.57
2 615.58 63.81 684.58 132.81
2 491.41 100.04 577.41 194.04
2 585.12 561.28 614.12 593.28
2 700.94 142.59 727.94 153.59
1 848.16 886.25 861.16 899.25
1 824.81 898.87 839.81 913.87
1 791.89 984.89 802.89 995.89
1 761.16 892.25 774.16 905.25
1 964.08 883.33 978.08 897.33
1 1011.7 836.86 1020.7 845.86
1 925.16 714.22 937.16 726.22
1 975.0 716.09 985.0 726.09
1 876.16 674.25 885.16 683.25
1 872.79 638.88 885.79 651.88
1 851.88 630.95 863.88 642.95
1 934.54 667.23 949.54 681.23
1 989.11 540.11 997.11 548.11
1 891.93 520.05 905.93 534.05
1 685.73 586.8 698.73 599.8
1 622.59 545.65 635.59 558.65
1 556.09 623.09 565.09 632.09
1 555.82 571.12 568.82 584.12
1 659.82 796.01 672.82 809.01
1 691.0 838.09 701.0 848.09
1 648.0 807.14 660.0 819.14
1 606.95 906.16 630.95 930.16
1 595.9 879.16 617.9 901.16
1 561.57 935.62 577.57 951.62
1 461.64 912.75 475.64 926.75
1 462.6 951.78 477.6 966.78
1 403.49 980.07 417.49 993.07
1 414.14 923.25 427.14 936.25
1 322.69 854.79 340.69 872.79
1 227.0 1015.38 238.0 1024.38
1 866.64 534.83 883.64 551.83
1 536.53 522.61 550.53 536.61
1 142.87 941.95 153.87 952.95
1 113.89 929.95 125.89 941.95
1 347.84 339.93 361.84 353.93
1 412.65 311.73 425.65 324.73
1 568.63 287.18 581.63 299.18
1 801.54 208.71 813.54 220.71
1 810.62 215.78 822.62 227.78
1 914.47 271.07 926.47 282.07
1 902.1 381.28 916.1 395.28
1 947.6 416.28 962.6 430.28
1 969.63 424.76 986.63 441.76
1 1011.0 327.14 1023.0 339.14
1 1007.03 361.21 1021.03 375.21
1 991.09 258.17 1006.09 273.17
1 954.78 82.91 967.78 95.91
1 956.54 150.73 971.54 165.73
1 720.92 422.03 735.92 437.03
1 619.61 239.76 632.61 252.76
1 545.62 483.78 557.62 495.78
1 831.09 260.22 846.09 275.22
1 927.07 285.16 944.07 302.16
1 993.95 400.0 1010.95 417.0
1 989.13 296.25 1008.13 315.25
1 1010.71 186.26 1024.71 204.26
1 263.05 729.12 275.05 741.12
1 452.02 678.32 468.02 694.32
1 519.01 623.17 538.01 642.17
1 663.0 499.11 678.0 514.11
1 677.1 693.21 688.1 704.21
1 795.0 658.09 805.0 668.09
1 705.61 478.71 719.61 492.71
1 843.0 507.68 852.0 517.68
1 981.22 692.27 997.22 708.27
1 629.5 428.0 646.5 444.0
1 840.65 322.92 856.65 338.92
1 513.02 486.32 529.02 502.32
1 645.16 380.33 664.16 399.33
1 866.5 382.0 882.5 397.0
1 727.85 204.0 738.85 215.0
1 688.7 180.82 701.7 193.82
1 400.59 782.59 410.59 792.59
1 428.14 757.25 441.14 770.25
