0 33.51 482.04 66.51 533.04
0 2.32 516.32 24.32 551.32
0 33.24 703.15 81.24 734.15
0 137.48 901.26 182.48 972.26
0 214.52 784.49 245.52 810.49
0 270.38 355.34 364.38 423.34
0 197.31 77.53 269.31 146.53
0 397.26 93.18 432.26 147.18
0 520.27 247.3 602.27 318.3
0 807.31 345.31 842.31 396.31
0 868.28 362.35 933.28 439.35
0 910.38 420.39 960.38 462.39
0 976.49 187.61 999.49 225.61
0 737.16 786.75 792.16 913.75
0 708.8 791.39 752.8 819.39
2 154.89 687.35 232.89 762.35
1 54.28 973.18 76.28 995.18
1 417.47 787.56 434.47 807.56
1 470.46 814.58 485.46 832.58
1 361.28 106.41 381.28 131.41
1 177.69 569.38 196.69 585.38
