0 841.85 439.14 905.85 558.14
0 400.45 961.74 475.45 1010.74
0 199.1 865.08 238.1 934.08
0 385.43 117.12 455.43 165.12
0 474.99 238.06 518.99 283.06
0 926.75 867.01 970.75 908.01
0 308.12 -1.6 363.12 18.4
0 185.01 331.81 201.01 354.81
0 711.57 416.63 729.57 446.63
0 634.87 599.73 687.87 642.73
0 495.8 467.17 621.8 629.17
0 740.02 714.31 768.02 745.31
0 61.14 402.92 93.14 436.92
0 400.84 659.01 436.84 687.01
2 718.0 27.08 809.0 168.08
2 466.0 852.76 530.0 901.76
2 241.07 522.88 299.07 543.88
2 143.06 256.15 212.06 295.15
2 -1.1 193.41 11.9 253.41
2 34.0 933.08 78.0 977.08
1 399.81 426.87 414.81 441.87
1 121.18 3.33 141.18 23.33
1 677.23 672.33 695.23 690.33
1 -1.3 515.08 15.7 541.08
