0 145.76 99.83 224.76 217.83
0 105.01 775.39 179.01 879.39
0 418.37 410.55 460.37 472.55
0 321.21 232.2 468.21 349.2
0 654.32 709.58 760.32 782.58
0 912.38 591.81 938.38 637.81
0 569.04 893.33 611.04 945.33
0 383.2 962.34 410.2 987.34
0 325.05 984.25 363.05 1013.25
0 560.56 103.76 583.56 136.76
0 614.97 106.34 669.97 152.34
2 632.36 839.32 722.36 970.32
2 289.41 54.01 313.41 86.01
2 184.0 665.52 216.0 697.52
1 867.46 384.28 892.46 412.28
1 324.3 170.64 346.3 192.64
1 919.0 35.77 937.0 64.77
1 947.52 25.19 965.52 36.19
1 945.19 486.49 965.19 500.49
1 628.12 619.32 657.12 638.32
