0 615.63 573.1 689.63 675.1
0 457.02 524.57 559.02 615.57
0 523.5 651.01 596.5 748.01
0 517.35 970.16 589.35 1018.16
0 594.58 825.62 654.58 890.62
0 482.33 772.13 520.33 836.13
0 452.95 940.91 506.95 1025.91
0 458.8 879.29 499.8 946.29
0 360.37 676.26 398.37 725.26
0 246.35 903.43 292.35 931.43
0 264.05 686.05 312.05 722.05
0 226.33 138.5 252.33 180.5
0 468.19 207.5 509.19 255.5
0 551.95 163.57 607.95 204.57
0 657.96 209.21 705.96 271.21
0 846.96 228.5 884.96 270.5
0 808.97 179.77 838.97 213.77
0 918.53 320.4 957.53 377.4
0 718.43 329.79 772.43 371.79
0 894.43 483.98 932.43 506.98
0 956.39 798.23 1002.39 855.23
0 722.58 684.71 797.58 748.71
0 839.93 714.23 871.93 762.23
0 898.49 865.38 953.49 897.38
0 960.4 975.44 998.4 1015.44
0 91.0 531.18 117.0 564.18
0 538.13 437.26 583.13 515.26
0 550.2 270.48 592.2 308.48
0 436.13 436.57 489.13 467.57
0 922.19 742.57 975.19 773.57
0 672.13 487.3 717.13 538.3
0 528.25 248.56 557.25 290.56
0 472.38 120.37 518.38 189.37
0 476.96 323.64 514.96 388.64
0 336.07 212.49 380.07 238.49
0 16.38 561.35 42.38 604.35
0 17.14 248.55 52.14 270.55
0 173.49 453.32 194.49 487.32
0 341.03 618.68 379.03 657.68
2 269.51 814.98 307.51 853.98
2 235.54 964.54 292.54 1022.54
2 50.98 645.3 104.98 700.3
2 98.33 730.32 132.32 763.32
2 130.27 412.38 172.27 453.38
2 57.04 324.21 99.04 365.21
2 71.3 47.08 119.3 93.08
2 394.32 234.21 440.32 279.21
2 627.11 112.18 697.11 157.18
2 627.66 433.43 684.66 465.43
2 265.24 253.84 315.24 284.84
2 250.45 431.73 276.45 471.73
2 417.39 770.69 437.39 816.69
2 383.69 891.64 437.69 940.64
2 451.99 748.36 479.99 781.36
2 279.58 512.26 353.58 581.26
2 497.6 67.77 542.6 101.77
1 96.39 91.71 122.39 116.71
1 176.29 339.4 194.29 358.4
1 141.37 162.27 165.37 186.27
1 597.25 351.31 628.25 382.31
1 425.06 680.6 451.06 706.6
1 315.43 723.0 332.43 740.0
1 161.37 819.49 185.37 843.49
1 83.35 769.33 103.35 788.33
1 515.0 895.85 537.0 917.85
1 663.84 848.06 682.84 867.06
1 218.63 598.24 242.63 622.24
1 262.31 604.59 284.31 626.59
1 248.12 543.01 269.12 564.01
1 349.0 513.29 367.0 531.29
1 137.4 603.57 165.4 631.57
1 159.15 573.34 182.15 596.34
1 175.12 552.52 194.12 570.52
1 90.36 667.24 112.36 689.24
1 18.18 764.34 39.18 785.34
1 33.39 818.16 53.39 838.16
1 251.97 323.26 271.97 342.26
1 400.29 313.74 418.29 331.74
1 130.46 0.0 153.46 23.0
1 549.23 60.56 564.23 75.56
1 163.68 287.18 185.68 309.18
