0 901.17 410.44 959.17 461.44
0 340.93 36.75 389.93 76.75
0 287.04 593.28 337.04 639.28
0 169.61 935.42 205.61 964.42
0 897.23 816.45 951.23 860.45
0 767.17 954.23 805.17 983.23
0 257.9 420.18 300.9 458.18
0 760.21 771.14 794.21 812.14
0 390.16 921.11 431.16 951.11
0 245.38 496.55 278.38 535.55
0 805.41 532.4 846.41 585.4
0 853.23 347.4 884.23 392.4
0 912.21 541.42 946.21 589.42
0 894.71 611.26 950.71 649.26
0 950.96 755.5 983.96 788.5
0 776.27 424.68 805.27 464.68
2 31.16 320.27 83.16 371.27
2 92.27 126.13 144.27 178.13
2 161.0 -0.57 199.0 33.43
2 228.51 50.58 270.51 92.58
2 32.42 404.31 75.42 448.31
2 40.2 506.4 74.2 541.4
2 178.64 427.68 217.64 466.68
2 447.13 376.3 487.13 415.3
2 479.14 814.52 533.14 868.52
2 519.23 702.37 563.23 745.37
2 507.85 985.6 553.85 1025.6
2 167.42 959.55 226.42 1018.55
2 586.4 531.34 640.4 585.34
2 605.29 585.16 655.29 635.16
2 635.91 551.59 668.91 584.59
2 712.55 665.16 771.55 724.16
2 761.18 612.75 847.18 698.75
2 622.35 776.53 656.35 810.53
2 815.5 944.25 863.5 992.25
2 663.29 380.47 714.29 430.47
2 723.39 252.46 781.39 310.46
2 822.27 63.22 872.27 112.22
2 831.12 198.97 875.12 242.97
2 839.12 131.65 871.12 163.65
2 598.9 2.59 649.9 53.59
2 677.49 160.39 728.49 211.39
2 658.37 960.5 702.37 1004.5
2 851.14 1005.75 895.14 1025.76
2 344.56 747.61 398.56 801.61
2 364.73 811.94 401.73 848.94
2 847.35 736.23 882.35 770.23
2 142.1 566.24 184.1 607.24
2 564.46 972.49 606.46 1014.49
2 381.15 521.17 423.15 564.17
2 996.59 887.08 1025.59 927.08
2 505.08 434.49 545.08 475.49
2 4.21 894.52 41.21 931.52
2 92.32 950.04 122.32 980.04
2 631.61 421.44 683.61 453.44
2 672.9 266.14 696.9 302.14
2 585.1 104.37 613.1 140.37
2 481.15 233.42 501.15 259.42
2 185.37 197.44 203.37 221.44
2 71.0 37.39 97.0 60.39
2 98.46 2.97 139.46 34.97
2 37.13 597.43 60.13 628.43
2 80.4 765.76 109.4 804.76
2 407.93 511.52 441.93 559.52
2 128.67 169.4 154.67 196.4
2 224.54 297.38 244.54 329.38
2 810.31 870.22 840.31 913.22
2 736.83 774.47 758.83 807.47
2 779.12 772.93 818.12 787.93
2 739.63 145.62 765.63 166.62
2 385.46 657.26 403.46 680.26
2 400.61 830.2 445.61 872.2
2 544.63 935.57 570.63 955.57
2 596.13 830.64 619.13 848.64
2 10.5 557.72 41.5 588.72
1 36.51 670.7 67.51 700.7
1 -0.04 723.41 24.96 749.41
1 -1.16 797.44 18.84 827.44
1 149.4 634.63 170.4 654.63
1 198.85 728.36 233.85 762.36
1 299.27 657.46 314.27 672.46
1 274.13 620.24 300.13 647.24
1 489.1 539.49 518.1 569.49
1 565.3 773.21 595.3 802.21
1 716.0 459.37 754.0 497.37
1 882.78 461.37 898.78 478.37
1 841.52 390.81 872.52 421.81
1 916.17 241.69 946.17 270.69
1 955.55 233.28 984.55 262.28
1 992.32 283.23 1024.32 316.23
1 913.38 341.54 933.38 360.54
1 850.04 290.79 886.04 326.79
1 795.51 294.06 818.51 317.06
1 930.29 502.78 959.29 530.78
1 876.16 525.87 912.16 561.87
1 959.09 688.73 994.09 722.73
1 896.97 885.41 915.97 904.41
1 940.16 869.61 966.16 895.61
1 860.27 800.4 881.27 820.4
1 839.59 730.31 857.59 747.31
1 778.7 676.21 810.7 708.21
1 708.56 627.43 723.56 642.43
1 417.21 419.28 447.21 449.28
1 378.05 184.44 403.05 208.44
1 436.38 194.78 460.38 218.78
1 452.05 155.79 472.05 175.79
1 441.0 99.35 457.0 115.35
1 444.12 8.34 472.12 36.34
1 559.37 55.31 576.37 72.31
1 523.34 8.3 551.34 36.3
1 491.37 -0.75 517.37 18.25
1 489.25 102.48 514.25 126.48
1 655.04 66.49 677.04 88.49
1 836.09 33.36 857.09 55.36
1 214.5 835.71 240.5 861.71
1 129.3 679.44 154.3 703.44
1 134.9 930.47 167.9 963.47
1 303.76 724.42 331.76 752.42
1 172.09 492.58 197.09 517.58
1 153.45 392.66 175.45 414.66
1 184.08 326.47 203.08 344.47
1 85.29 203.7 112.29 239.7
1 223.42 112.33 252.42 140.33
1 232.0 403.57 267.0 437.57
1 408.5 621.43 441.5 652.43
1 481.08 628.43 508.08 653.43
1 421.29 718.62 462.29 756.62
1 651.07 667.74 681.07 695.74
1 554.28 903.8 580.28 928.8
1 399.92 1007.18 424.92 1025.18
1 600.37 395.42 617.37 410.42
1 613.37 311.45 626.37 324.45
1 634.56 343.47 654.56 362.47
2 30.27 62.47 67.27 96.47
1 26.62 37.45 47.62 56.45
1 13.04 275.38 48.04 307.38
1 318.03 286.45 351.03 314.45
1 92.02 406.66 116.02 430.66
1 103.5 377.37 130.5 405.37
1 482.62 797.3 511.62 826.3
1 618.74 739.2 645.74 766.2
1 537.13 300.73 566.13 324.73
1 180.52 785.43 209.52 809.43
1 689.51 858.42 716.51 887.42
1 153.61 243.34 189.61 270.34
