0 33.65 318.18 92.65 374.18
0 20.1 253.13 63.1 295.13
0 90.65 318.29 114.65 342.29
0 2.89 413.92 34.89 454.92
0 88.66 424.11 119.66 460.11
0 169.91 426.31 197.91 453.31
0 190.77 158.22 227.77 195.22
0 125.08 139.31 153.08 169.31
0 230.97 68.83 265.97 98.83
0 99.0 547.35 127.0 569.35
0 343.86 372.36 361.86 399.36
0 378.79 437.35 396.79 455.35
0 33.1 700.28 74.1 737.28
0 -0.8 794.39 18.2 822.39
0 45.06 533.18 70.06 553.18
0 229.03 481.17 248.03 498.17
0 285.59 3.14 304.59 28.14
0 355.03 61.25 377.03 79.25
0 308.14 276.02 326.14 298.02
0 392.89 625.12 410.89 642.12
0 676.94 802.1 696.94 825.1
0 754.06 726.16 775.06 748.16
0 420.07 100.04 442.07 119.04
0 156.97 501.11 176.97 517.11
0 257.73 433.8 276.73 452.8
0 227.16 344.99 252.16 361.99
2 130.58 251.46 144.58 298.46
2 164.0 339.33 176.0 386.33
2 184.96 365.47 194.96 401.47
2 223.95 311.28 232.95 346.28
2 222.09 240.17 230.09 273.17
2 281.93 220.13 291.93 258.13
2 276.13 72.18 316.13 82.18
2 126.69 79.86 187.69 140.86
2 211.16 -2.13 267.16 33.87
2 29.52 463.32 81.52 523.32
2 242.84 914.6 266.84 925.6
2 397.99 829.32 407.99 853.32
2 264.02 801.94 270.02 819.94
2 -1.47 899.37 17.53 916.37
2 136.93 691.05 172.93 727.05
2 79.75 937.07 110.75 968.07
2 -2.04 929.22 35.96 982.22
2 186.09 801.2 215.09 830.2
2 329.0 905.28 360.0 936.28
2 485.76 881.06 515.76 911.06
2 559.09 628.38 589.09 658.38
2 750.05 659.77 783.05 696.77
2 776.91 642.99 810.91 677.99
2 922.04 674.33 948.04 699.33
2 870.89 864.19 892.89 889.19
2 676.96 708.74 697.96 721.74
2 134.1 1009.53 155.1 1022.53
2 -0.29 562.03 9.71 582.03
2 292.93 486.71 313.93 508.71
2 321.98 512.22 360.98 551.22
2 543.19 502.36 573.19 532.36
2 662.09 399.27 694.09 431.27
2 871.88 472.15 909.88 510.15
2 892.02 375.35 926.02 409.35
2 641.56 452.14 651.56 477.14
2 452.05 376.17 460.05 398.17
2 433.6 70.82 483.6 122.82
2 440.11 191.32 467.11 220.32
2 550.1 135.21 583.1 170.21
2 602.65 -1.43 640.65 28.57
2 233.19 292.19 264.19 324.19
2 134.8 208.01 180.8 253.01
2 702.13 202.26 734.13 236.26
2 775.24 116.33 814.24 156.33
2 856.01 269.33 885.01 300.33
2 574.75 817.62 585.75 837.62
1 943.03 207.21 957.03 221.21
1 914.98 191.03 929.98 206.03
1 866.07 169.35 887.07 190.35
1 859.0 234.25 876.0 251.25
1 793.02 264.2 812.02 283.2
1 803.87 343.96 821.87 361.96
1 866.22 88.27 882.22 104.27
1 849.22 106.27 865.22 122.27
1 827.82 118.03 847.82 138.03
1 932.17 303.31 951.17 322.31
1 978.93 359.99 996.93 377.99
1 983.2 380.31 1001.2 398.31
1 913.98 429.03 928.98 444.03
1 809.92 483.03 824.92 498.03
1 970.14 178.3 991.14 199.3
1 984.18 224.29 1006.18 246.29
1 702.14 82.25 715.14 95.25
1 618.16 140.25 631.16 153.25
1 562.12 202.32 579.12 219.32
1 598.82 253.12 611.82 266.12
1 681.12 324.24 695.12 338.24
1 626.15 406.31 647.15 427.31
1 587.81 317.97 608.81 338.97
1 621.03 344.23 638.03 361.23
1 548.07 436.29 571.07 459.29
1 504.02 217.16 520.02 233.16
1 522.22 104.27 538.22 120.27
1 584.84 42.05 604.84 62.05
1 547.87 77.96 565.87 95.96
1 511.09 147.22 527.09 163.22
1 502.98 16.16 518.98 32.16
1 397.16 149.25 410.16 162.25
1 413.09 278.22 428.09 293.22
1 519.04 460.16 537.04 478.16
1 305.22 420.27 321.22 436.27
1 157.17 399.22 174.17 416.22
1 195.96 475.1 209.96 489.1
1 988.77 730.06 1006.77 748.06
1 1006.81 675.87 1021.81 690.87
1 899.98 580.03 914.98 595.03
1 804.03 616.23 821.03 633.23
1 796.88 692.18 812.88 708.18
1 820.13 929.25 834.13 943.25
1 827.84 981.0 843.84 997.0
1 657.72 946.92 673.72 962.92
1 629.7 976.93 645.7 992.93
1 733.16 553.25 746.16 566.25
1 824.09 855.22 839.09 870.22
1 616.16 941.33 635.16 960.33
1 544.0 620.13 557.0 633.13
1 461.84 972.0 477.84 988.0
1 371.86 960.94 385.86 974.94
1 357.88 857.98 374.88 874.98
1 387.88 794.15 407.88 814.15
1 476.02 672.15 494.02 690.15
1 317.93 638.08 334.93 655.08
1 262.09 578.19 277.09 593.19
1 267.83 524.04 283.83 540.04
1 391.09 909.19 406.09 924.19
1 406.88 917.92 424.88 935.92
1 264.0 930.0 279.0 945.0
1 208.71 640.98 223.71 655.98
1 318.72 569.01 340.72 591.01
1 943.94 694.11 953.94 704.11
