0 265.75 202.63 316.75 250.63
0 328.83 258.11 385.83 344.11
0 362.8 253.33 389.8 283.33
0 181.5 453.94 225.5 523.94
0 250.16 485.05 282.16 512.05
0 490.93 168.28 522.93 202.28
0 462.96 51.26 523.96 98.26
0 464.24 450.1 494.24 480.1
0 480.87 363.14 512.87 389.14
0 558.99 44.85 588.99 67.85
0 540.09 19.02 573.09 47.02
0 744.78 145.33 770.78 166.33
0 675.87 475.72 698.87 497.72
0 753.16 308.27 774.16 326.27
0 635.56 171.72 664.56 191.72
0 921.86 460.98 941.86 489.98
0 954.03 390.02 974.03 408.02
0 979.6 252.54 997.6 270.54
0 736.08 213.33 761.08 240.33
0 684.74 179.97 704.74 194.97
0 617.99 203.09 640.99 222.09
0 457.02 244.95 503.02 288.95
0 477.97 420.08 498.97 439.08
0 363.21 450.39 392.21 474.39
0 293.03 431.21 324.03 450.21
0 50.93 834.79 96.93 888.79
0 116.88 697.77 147.88 741.77
0 82.76 659.88 120.76 688.88
0 141.94 670.16 179.94 707.16
0 109.73 557.75 187.73 603.75
0 141.96 621.92 181.96 656.92
0 339.86 603.87 363.86 629.87
0 336.9 662.76 365.9 694.76
0 298.66 605.21 327.66 625.21
0 447.31 767.85 469.31 790.85
0 -2.5 891.01 37.5 945.01
0 223.7 580.31 252.7 605.31
0 517.64 541.87 545.64 576.87
0 439.03 575.96 467.03 609.96
0 145.59 925.7 175.59 947.7
0 570.92 574.79 599.92 598.79
0 864.07 589.85 895.07 615.85
0 695.71 819.9 729.71 848.9
0 959.57 544.18 980.57 568.18
0 672.89 850.01 694.89 880.01
0 407.89 632.97 427.89 650.97
0 446.86 694.23 465.86 718.23
0 450.09 662.15 468.09 681.15
0 639.49 966.79 665.49 990.79
0 650.4 716.85 667.4 742.85
0 480.7 858.56 502.7 877.56
0 870.97 823.26 895.97 844.26
0 921.94 91.27 940.94 108.27
0 959.01 102.76 979.01 124.76
0 994.98 89.18 1017.98 109.18
0 611.05 106.69 634.05 130.69
0 545.88 212.26 565.88 238.26
0 418.05 491.18 434.05 506.18
0 639.93 406.99 659.93 429.99
0 995.11 281.37 1011.11 308.37
0 951.86 678.08 969.86 698.08
0 88.2 707.32 109.2 730.32
0 1003.79 547.82 1021.79 568.82
0 328.01 515.21 350.01 536.21
0 757.18 954.12 779.18 974.12
0 764.63 873.11 781.63 891.11
0 769.22 727.0 787.22 745.0
0 953.92 739.04 970.92 755.04
0 523.25 331.36 546.25 354.36
2 206.25 387.69 251.25 405.69
2 303.06 392.06 347.06 408.06
2 404.06 417.81 440.06 430.81
2 416.04 372.11 457.04 386.11
2 404.94 153.29 416.94 216.29
2 312.98 131.39 391.98 142.39
2 414.96 183.97 445.96 195.97
2 395.0 291.11 419.0 300.11
2 432.07 266.2 464.07 278.2
2 787.61 186.72 798.61 212.72
2 960.62 184.25 971.62 212.25
2 898.54 385.31 910.54 414.31
2 141.93 831.02 180.93 846.02
2 196.97 859.51 233.97 874.51
2 266.52 885.29 278.52 921.29
2 397.93 744.15 425.93 753.15
2 421.85 857.76 453.85 868.76
2 451.74 837.64 461.74 855.64
2 105.99 619.34 121.99 662.34
2 20.0 995.16 51.0 1006.16
2 501.91 913.81 529.91 924.81
2 701.95 709.88 738.95 723.88
2 828.84 943.2 856.84 953.2
2 924.87 796.1 951.87 806.1
2 533.88 629.82 543.88 651.82
2 588.4 526.84 601.4 556.84
2 431.98 666.31 441.98 693.31
2 219.18 937.21 229.18 966.21
2 196.92 932.2 218.92 940.2
2 321.59 488.23 332.59 516.23
2 359.67 463.25 370.67 492.25
2 325.03 550.22 356.03 561.22
2 361.04 504.64 380.04 514.64
2 387.5 666.14 408.5 676.14
2 393.6 479.21 402.6 496.21
2 985.05 463.97 1012.05 474.97
2 691.11 953.23 743.11 1005.23
2 818.62 781.83 852.62 815.83
2 766.09 767.87 798.09 800.87
2 614.47 648.64 655.47 690.64
2 387.61 696.16 417.61 726.16
2 244.73 790.23 290.73 836.23
2 221.97 507.02 291.97 580.02
2 749.04 364.75 791.04 408.75
2 658.94 274.36 699.94 315.36
2 566.19 313.16 599.19 347.16
2 639.75 348.12 663.75 371.12
2 829.2 22.02 870.2 64.02
2 556.13 94.06 588.13 127.06
2 356.65 56.62 417.65 120.62
2 406.18 101.0 456.18 152.0
2 321.1 165.09 383.1 230.09
2 222.46 331.81 287.46 395.81
2 382.72 341.23 440.72 401.23
2 70.55 763.0 107.55 798.0
1 1004.05 982.19 1015.05 993.19
1 1005.66 779.73 1018.66 792.73
1 231.42 986.18 255.42 1008.18
1 332.11 903.11 340.11 911.11
1 380.74 603.26 395.74 617.26
1 140.19 1003.32 157.19 1020.32
1 484.95 628.83 494.95 638.83
1 262.12 958.0 276.12 972.0
1 507.57 789.78 522.57 803.78
1 961.33 949.68 975.33 962.68
1 977.05 606.19 988.05 617.19
1 330.02 618.92 337.02 626.92
1 923.45 45.92 937.45 58.92
1 851.99 156.18 864.99 169.18
1 740.0 265.21 752.0 276.21
1 764.0 239.22 779.0 253.22
1 810.03 416.77 823.03 429.77
1 540.97 189.12 551.97 200.12
1 432.1 451.0 444.1 463.0
1 616.92 372.27 630.92 385.27
1 802.93 326.89 819.93 343.89
1 875.64 82.94 892.64 99.94
1 527.97 505.89 537.97 515.89
1 849.19 523.25 865.19 539.25
1 550.65 973.49 563.65 986.49
1 766.95 840.75 780.95 854.75
1 866.88 700.07 884.88 718.07
