0 425.13 174.16 492.13 207.16
0 393.2 95.97 440.2 158.97
0 37.29 133.44 93.29 169.44
0 727.02 690.65 809.02 777.65
0 865.46 671.21 966.46 738.21
0 802.3 567.27 904.3 630.27
0 600.78 986.95 669.78 1026.95
0 902.34 181.46 976.34 229.46
0 858.15 337.43 915.15 421.43
0 278.79 625.57 311.79 669.57
0 762.52 870.4 829.52 912.4
0 888.12 779.26 937.12 834.26
0 944.19 343.55 997.19 376.55
0 916.56 262.68 944.56 305.68
0 773.06 204.2 827.06 237.2
0 922.88 -1.58 972.88 55.42
0 12.98 13.05 66.98 43.05
2 369.0 691.26 435.0 757.26
2 398.3 502.26 460.3 563.26
2 107.91 530.0 162.91 585.0
2 249.09 48.62 304.09 103.62
2 573.0 156.48 627.0 210.48
2 778.5 241.34 853.5 316.34
2 879.41 419.46 983.41 523.46
2 910.33 859.15 984.33 933.15
2 794.49 786.54 917.49 909.54
2 552.34 358.24 634.34 439.24
2 746.22 310.17 803.22 366.17
2 768.75 434.95 829.75 495.95
2 287.72 113.83 334.72 160.83
2 158.17 302.35 199.17 343.35
2 262.22 369.46 295.22 401.46
2 620.98 852.48 682.98 914.48
2 643.35 817.5 695.35 869.5
2 854.34 176.44 904.34 226.44
2 663.85 90.03 702.85 129.03
2 854.32 940.41 900.32 986.41
2 522.16 955.63 575.16 1008.63
2 45.36 799.52 81.36 835.52
2 422.18 353.43 471.18 401.43
2 311.13 17.9 357.13 48.9
2 309.56 211.39 342.56 258.39
2 254.23 225.5 291.23 253.5
2 525.62 638.37 590.62 684.37
2 452.25 828.46 510.25 863.46
2 523.63 735.11 560.63 757.11
2 73.24 954.45 104.24 1007.45
2 42.17 558.48 78.17 584.48
1 296.0 488.27 328.0 520.27
1 189.08 547.55 216.08 575.55
1 150.52 466.67 177.52 493.67
1 172.5 448.74 191.5 467.74
1 249.0 975.26 275.0 1001.26
1 186.28 795.45 212.28 822.45
1 221.0 851.26 247.0 877.26
1 1.18 691.35 24.18 714.35
1 1.23 592.7 32.23 623.7
1 189.2 196.05 216.2 223.05
1 139.36 159.6 171.36 191.6
1 172.04 116.25 201.04 145.25
1 131.49 51.15 160.49 80.15
1 135.82 8.68 166.82 39.68
1 500.24 90.49 529.24 119.49
1 554.29 145.67 575.29 166.67
1 520.99 348.53 550.99 378.53
1 562.47 336.09 589.47 363.09
1 547.66 417.2 569.66 439.2
1 659.34 341.31 687.34 368.31
1 631.53 347.47 660.53 375.47
1 636.49 222.05 667.49 253.05
1 657.25 917.48 681.25 941.48
1 475.5 895.74 504.5 924.74
1 369.01 907.8 403.01 941.8
1 50.13 715.71 75.13 740.71
1 5.32 725.57 29.32 749.57
1 26.5 433.3 45.5 452.3
1 124.0 429.53 148.0 453.53
1 378.54 573.4 405.54 600.4
1 476.26 732.52 502.26 758.52
1 473.0 784.59 499.0 810.59
1 309.19 819.48 333.19 843.48
1 466.54 561.4 493.54 588.4
1 510.29 591.46 539.29 619.46
1 583.82 532.68 614.82 563.68
1 538.51 486.73 565.51 513.73
1 703.55 446.37 732.55 475.37
1 710.31 364.46 736.31 390.46
1 125.13 722.06 160.13 757.06
1 63.6 449.2 89.6 475.2
1 382.18 328.42 423.18 369.42
1 489.03 40.56 515.03 66.56
1 465.15 18.63 484.15 37.63
1 263.8 330.71 290.8 357.71
1 90.0 312.17 122.0 344.17
1 84.85 343.66 117.85 376.66
1 16.0 874.42 48.0 907.42
1 743.48 968.39 764.48 989.39
1 605.2 675.55 628.2 699.55
1 890.28 632.45 915.28 657.45
1 699.5 506.48 728.5 535.48
1 266.41 549.84 288.41 571.84
1 740.45 54.47 778.45 92.47
1 788.18 572.29 825.18 609.29
1 692.96 664.54 730.96 702.54
1 438.24 710.42 471.24 743.42
1 395.35 971.41 423.35 998.41
1 218.5 784.73 241.5 807.73
1 110.46 646.67 140.46 676.67
1 323.55 435.46 348.55 459.46
1 205.13 491.59 228.13 515.59
1 5.16 252.65 28.16 275.65
1 666.37 291.73 684.37 309.73
1 630.46 285.4 657.46 312.4
1 688.97 253.33 710.97 276.33
1 284.26 946.13 321.26 982.13
