0 539.05 355.46 586.05 396.46
0 663.39 485.27 700.39 532.27
0 402.42 502.29 428.42 536.29
0 752.89 66.7 782.89 91.7
0 915.1 558.38 964.1 595.38
0 159.91 50.21 197.91 86.21
0 923.07 908.61 954.07 945.61
0 858.18 694.28 884.18 717.28
0 380.08 46.62 416.08 67.62
0 91.67 587.33 133.67 622.33
0 984.1 524.22 1026.1 554.22
0 968.22 952.03 1020.22 990.03
0 978.14 4.31 1023.14 37.31
2 44.37 664.48 85.37 692.48
2 133.91 839.34 172.91 864.34
2 216.43 971.71 235.43 996.71
2 294.74 655.94 318.74 690.94
2 215.89 516.8 240.89 547.8
2 147.44 236.29 168.44 265.29
2 917.31 123.04 975.31 162.04
2 862.7 880.77 887.7 900.77
2 909.38 877.6 935.38 914.6
2 452.42 373.2 486.42 397.2
2 0.46 972.3 37.46 999.3
2 593.55 736.16 619.55 754.16
2 592.25 784.59 606.25 805.59
2 785.64 953.39 810.64 995.39
2 160.11 82.53 210.11 132.53
2 305.19 269.2 347.19 312.2
2 428.13 218.78 470.13 261.78
2 491.22 103.25 534.22 145.25
2 642.96 75.53 683.96 116.53
2 548.42 87.65 593.42 132.65
2 516.29 252.22 571.29 307.22
2 527.31 48.09 551.31 70.09
1 604.14 255.6 636.14 288.6
2 622.5 327.97 669.5 374.97
2 737.45 126.51 778.45 167.51
2 797.26 54.89 844.26 101.89
2 700.36 590.64 753.36 644.64
2 761.23 517.46 801.23 558.46
2 481.25 645.42 510.25 675.42
2 468.33 534.14 518.34 583.14
2 529.44 475.49 564.44 511.49
2 289.31 371.63 315.31 396.63
2 90.32 790.79 123.32 823.79
2 676.42 655.52 711.42 679.52
2 691.08 928.04 738.08 975.04
2 529.43 763.29 568.43 803.29
2 425.24 809.36 474.24 857.36
2 302.37 712.72 330.37 739.72
2 998.25 865.19 1026.25 910.19
1 78.47 66.96 113.47 101.96
1 124.37 47.23 148.37 71.23
1 80.4 198.32 116.4 233.32
1 50.33 120.27 86.33 155.27
1 70.14 287.33 97.14 314.33
1 98.5 319.67 119.5 340.67
1 7.25 362.43 36.25 386.43
1 -0.63 407.4 13.37 424.4
1 127.36 424.26 169.36 459.26
1 203.6 301.14 221.6 317.14
1 227.54 350.64 246.54 367.64
1 228.32 396.42 250.32 416.42
1 198.03 420.21 228.03 450.21
1 333.54 155.31 351.54 172.31
1 326.95 53.38 360.95 86.38
1 202.53 200.79 225.53 222.79
1 265.26 168.49 299.26 198.49
1 324.38 325.37 356.38 348.37
1 325.16 421.38 350.16 436.38
1 292.0 443.19 320.0 471.19
1 421.5 451.33 440.5 470.33
1 400.21 356.44 418.21 375.44
1 418.15 375.58 437.15 395.58
1 389.07 124.35 410.07 145.35
1 352.27 224.46 381.27 253.46
1 398.17 235.07 423.17 260.07
1 455.28 290.55 477.28 312.55
1 10.25 528.57 42.25 560.57
1 64.3 589.48 91.3 615.48
1 143.27 545.46 171.27 573.46
1 120.99 635.51 150.99 666.51
1 61.67 709.78 87.67 735.78
1 195.56 894.07 240.56 920.07
1 209.03 595.62 235.03 621.62
1 381.41 694.58 411.41 718.58
1 378.13 816.43 403.13 837.43
1 377.27 578.43 401.27 601.43
1 442.22 563.57 459.22 581.57
1 26.01 815.21 67.0 852.21
1 100.46 910.24 125.46 934.24
1 311.49 946.31 342.49 973.31
1 481.26 903.41 498.26 919.41
1 470.94 623.46 502.94 653.46
1 203.15 984.12 242.15 1020.12
1 389.1 674.38 414.1 697.38
1 559.36 507.25 577.36 522.25
1 605.19 453.19 624.19 471.19
1 888.17 103.13 905.17 119.13
1 935.99 340.31 957.99 359.31
1 970.15 311.03 993.15 332.03
1 974.26 361.58 999.26 383.58
1 988.11 396.21 1015.11 420.21
1 793.42 419.7 822.42 444.7
1 725.5 299.18 762.5 327.18
1 776.83 280.42 799.83 303.42
1 788.36 119.58 810.36 141.58
1 657.39 190.77 681.39 235.77
1 880.98 461.36 890.98 478.36
1 529.18 938.86 570.18 971.86
1 546.98 834.57 578.98 870.57
1 477.06 983.48 524.06 1025.48
1 599.8 841.37 618.8 860.37
1 670.33 822.27 704.33 856.27
1 645.29 893.43 662.29 909.43
1 618.25 877.74 640.25 900.74
1 642.11 739.65 665.11 763.65
1 658.9 673.38 676.9 694.38
1 680.54 724.54 696.54 740.54
1 753.13 782.67 778.13 807.67
1 780.23 785.4 810.23 815.4
1 742.27 745.51 771.27 773.51
1 842.99 627.17 876.99 661.17
1 865.6 765.24 889.6 789.24
1 850.45 842.07 875.45 867.07
1 418.0 728.1 434.0 744.1
1 535.28 20.39 556.28 40.39
1 760.94 407.58 786.94 433.58
1 960.01 710.33 992.01 741.33
1 995.27 737.41 1023.27 766.41
1 964.95 786.87 998.95 820.87
1 912.41 828.11 930.41 846.11
1 899.59 780.56 931.59 812.56
1 742.06 899.86 770.06 927.86
1 880.53 647.3 925.53 692.3
1 512.74 702.34 547.74 737.34
1 719.23 938.68 757.23 977.68
1 365.3 891.41 384.3 910.41
1 345.5 873.71 370.5 898.71
1 462.0 845.33 478.0 860.33
1 353.17 489.25 384.17 519.25
1 685.0 475.42 707.0 498.42
