0 252.5 436.63 283.5 479.63
0 657.38 512.39 701.38 554.39
0 670.49 684.51 713.49 722.51
0 805.0 852.54 871.0 886.54
0 967.7 860.71 1021.7 943.71
0 948.13 459.25 1017.13 502.25
0 553.16 13.34 604.16 45.34
0 890.68 256.78 930.68 316.78
0 821.23 425.56 880.23 462.56
0 834.52 713.9 877.52 740.9
0 27.23 884.36 59.23 906.36
2 163.63 639.75 221.63 697.75
2 104.12 758.48 149.12 804.48
2 246.38 737.73 288.38 779.73
2 403.98 843.38 451.98 891.38
2 323.5 873.53 376.5 926.53
2 538.45 790.16 588.45 839.16
2 475.39 826.65 539.39 889.65
2 693.35 730.26 769.35 807.26
2 804.02 943.46 868.02 1007.46
2 969.64 746.32 1024.64 803.32
2 945.54 614.53 1025.54 700.53
2 931.0 361.06 1013.0 443.06
2 969.09 213.25 1012.09 256.25
2 944.98 65.16 982.98 103.16
2 861.39 134.24 913.39 187.24
2 709.0 77.18 747.0 115.18
2 697.2 37.53 736.2 77.53
2 476.67 70.2 512.67 106.2
2 375.24 130.42 418.24 172.42
2 145.26 95.55 193.26 144.55
2 142.5 -1.24 181.5 27.76
2 96.49 134.59 147.49 185.59
2 72.0 256.12 116.0 300.12
2 153.17 266.02 200.17 314.02
2 289.06 234.56 323.06 268.56
2 849.0 614.23 891.0 655.23
2 931.5 565.45 984.5 617.45
2 844.2 494.42 893.2 544.42
2 740.0 367.53 776.0 403.53
2 686.22 301.51 715.22 329.51
2 633.08 244.49 671.08 282.49
2 605.0 249.23 631.0 275.23
2 329.14 71.43 368.14 111.43
2 82.08 186.54 119.08 224.54
2 31.65 499.14 73.65 541.14
2 613.2 676.61 660.2 723.61
2 699.5 900.27 744.5 945.27
2 759.48 968.38 812.48 1022.38
2 865.86 40.61 908.86 83.61
2 852.0 70.42 884.0 103.42
2 569.18 600.58 608.18 639.58
2 561.26 942.17 601.26 982.17
2 594.5 956.08 629.5 991.08
2 837.11 107.31 880.11 150.31
2 630.39 347.08 676.39 393.08
2 568.09 462.22 605.09 499.22
2 554.5 426.65 589.5 461.65
2 662.04 357.39 725.04 397.39
2 794.23 593.23 819.23 638.23
2 772.97 550.31 794.97 582.31
2 322.27 770.41 351.27 822.41
2 358.48 300.38 388.48 325.38
2 228.25 89.54 273.25 122.54
1 140.0 348.45 160.0 369.45
1 78.5 24.67 109.5 55.67
1 55.23 148.41 78.23 170.41
1 25.0 276.31 47.0 297.31
1 0.85 293.71 29.85 322.71
1 107.86 477.37 126.86 496.37
1 130.5 549.3 149.5 568.3
1 155.82 457.43 182.82 484.43
1 65.22 877.7 85.22 898.7
1 82.43 915.82 100.43 933.82
1 449.24 564.5 477.24 593.5
1 523.06 663.58 542.06 683.58
1 503.14 628.58 526.14 650.58
1 498.35 751.24 524.35 777.24
1 572.04 761.25 601.04 791.25
1 477.0 806.5 491.0 820.5
1 462.23 777.52 483.23 797.52
1 440.07 758.32 457.07 775.32
1 429.01 606.31 459.01 635.31
1 307.1 837.36 330.1 860.36
1 529.0 873.15 551.0 895.15
1 154.52 911.31 173.52 930.31
1 119.51 962.46 136.51 979.46
1 149.0 816.18 163.0 829.18
1 189.22 834.17 209.22 854.17
1 224.14 756.56 249.14 782.56
1 122.5 570.69 141.5 589.69
1 263.37 591.32 283.37 610.32
1 242.5 597.56 257.5 613.56
1 480.5 472.44 503.5 494.44
1 514.5 488.62 529.5 503.62
1 489.14 434.7 508.14 453.7
1 544.09 380.25 565.09 401.25
1 586.5 320.63 621.5 355.63
1 463.48 179.52 488.48 203.52
1 395.23 86.48 418.23 108.48
1 395.49 0.43 420.49 25.43
1 553.17 34.68 580.17 61.68
1 426.98 297.23 456.98 327.23
1 498.46 206.67 528.46 236.67
1 801.24 12.5 829.24 41.5
1 729.34 288.44 753.34 313.44
1 791.83 245.43 818.83 272.43
1 850.18 162.47 879.18 191.47
1 736.16 583.63 769.16 616.63
1 658.19 856.41 683.19 881.41
1 742.22 866.42 771.22 895.42
1 836.98 893.92 866.98 923.92
1 942.12 754.98 959.12 771.98
1 761.38 516.18 781.38 536.18
1 555.56 987.5 572.56 1003.5
1 641.24 976.5 669.24 1005.5
1 323.27 956.4 354.27 986.4
1 266.2 887.51 287.2 907.51
1 157.5 780.32 186.5 809.32
1 99.27 704.7 131.27 735.7
1 614.83 19.07 639.83 44.07
1 838.5 250.73 861.5 273.73
1 922.0 383.53 946.0 407.53
1 354.18 386.43 379.18 411.43
1 324.18 576.29 361.18 613.29
1 350.36 346.34 376.36 371.34
1 338.89 186.56 368.89 216.56
1 542.23 228.48 560.23 246.48
1 772.04 60.25 801.04 89.25
1 634.41 176.25 656.41 197.25
1 548.56 285.51 576.56 313.51
1 177.0 18.7 207.0 48.7
1 43.7 760.52 73.7 790.52
1 654.5 797.3 673.5 816.3
1 622.4 585.22 644.4 607.22
