0 56.01 68.48 108.01 130.48
0 14.24 117.47 60.24 161.47
0 170.5 10.54 217.5 61.54
0 166.35 123.45 204.35 167.45
0 215.21 185.61 258.21 225.61
0 138.18 245.21 187.18 296.21
0 241.24 101.51 268.24 133.51
0 427.4 61.98 484.4 124.98
0 329.27 387.22 361.27 425.22
0 315.51 240.56 348.51 274.56
0 421.14 186.73 452.14 221.73
0 420.33 305.49 458.33 349.49
0 476.37 275.4 510.37 310.4
0 15.43 465.43 51.43 497.43
0 196.09 357.5 265.09 409.5
0 293.38 671.09 337.38 705.09
0 396.52 551.32 431.52 582.32
0 172.21 890.76 205.21 929.76
0 463.63 350.46 493.63 391.46
0 290.53 4.29 361.53 81.29
0 641.98 101.25 725.98 164.25
0 711.96 25.61 779.96 118.61
0 915.39 65.43 987.39 117.43
0 777.16 213.25 824.16 248.25
0 918.47 497.22 973.47 536.22
0 948.24 546.33 977.24 587.33
0 788.95 631.59 850.95 676.59
0 746.55 764.08 801.55 804.08
0 699.11 834.48 734.11 876.48
0 573.52 775.49 630.52 819.49
0 675.87 920.3 710.87 949.3
0 94.05 591.6 114.05 619.6
0 23.32 619.2 51.32 645.2
0 254.43 592.61 317.43 651.61
0 352.4 930.7 398.4 966.7
0 410.06 757.55 435.06 781.55
0 583.39 859.18 615.39 893.18
0 919.68 811.22 949.68 841.22
0 889.01 857.61 931.01 882.61
0 846.51 956.05 877.51 1003.05
0 764.73 947.74 800.73 973.74
0 789.07 971.37 816.07 990.37
0 812.27 867.61 833.27 899.61
0 883.61 778.94 921.61 803.94
0 937.48 667.51 965.48 695.51
0 981.15 359.79 1004.15 384.79
0 925.34 326.66 965.34 361.66
0 853.0 155.51 887.0 203.51
0 809.09 452.57 847.09 478.57
0 472.95 443.38 502.95 474.38
0 545.24 454.69 576.24 501.69
0 634.04 487.44 659.04 511.44
0 612.16 357.57 645.16 401.57
0 277.58 786.47 318.58 824.47
0 174.19 669.42 208.19 696.42
0 169.41 707.53 189.41 735.53
0 164.98 732.31 194.98 753.31
0 131.34 312.51 151.34 337.51
0 39.24 958.54 70.24 980.54
0 248.36 947.46 274.36 982.46
0 338.53 823.29 365.53 857.29
0 572.14 688.24 601.14 716.24
0 513.78 711.19 536.78 741.19
0 579.5 747.34 608.5 778.34
0 553.4 756.37 573.4 785.37
0 434.29 856.75 456.29 887.75
0 457.14 899.51 480.14 927.51
0 505.98 882.74 525.98 913.74
0 534.16 898.49 555.16 931.49
0 498.15 991.25 516.15 1014.25
0 879.38 582.5 907.38 623.5
0 806.51 514.6 833.51 552.6
0 782.36 521.48 812.36 564.48
0 757.24 603.77 776.24 632.77
0 695.39 625.37 719.39 660.37
0 461.52 691.55 490.52 735.55
0 709.73 421.43 736.73 448.43
0 668.27 462.26 690.27 490.26
0 866.82 280.38 895.82 309.38
0 845.4 318.7 877.4 345.7
0 697.02 742.29 735.02 767.29
2 17.38 356.38 49.38 389.38
2 213.0 257.1 291.0 335.1
2 291.42 437.47 335.42 481.47
2 213.14 817.05 268.14 871.05
2 465.01 555.29 519.01 610.29
2 606.48 897.25 653.48 944.25
2 956.5 606.38 1023.5 672.38
2 957.84 784.55 1000.84 827.55
2 802.18 781.64 843.18 822.64
2 551.41 309.49 595.41 353.49
2 690.92 166.21 776.92 251.21
2 665.0 583.09 707.0 625.09
2 185.98 86.56 221.98 144.56
2 233.51 448.76 270.51 503.76
2 80.08 363.45 117.08 415.45
2 144.72 558.54 192.72 589.54
2 56.75 663.56 95.75 688.56
2 592.83 251.42 648.83 283.42
2 458.84 135.67 491.84 195.67
2 367.58 107.55 420.58 140.55
2 362.42 151.52 412.42 180.52
2 728.65 343.03 775.65 377.03
2 624.54 334.37 655.54 379.37
2 613.05 483.42 632.05 515.42
2 735.34 514.24 759.34 550.24
2 875.22 339.67 902.22 378.67
2 872.13 120.93 905.13 176.93
2 869.39 695.71 886.39 720.71
2 664.84 652.6 681.84 666.6
2 418.41 612.5 436.41 630.5
2 451.92 489.32 467.92 512.32
2 264.64 655.08 290.64 677.08
2 110.11 898.13 146.11 922.13
2 11.42 266.39 66.42 304.39
2 71.32 204.35 132.32 242.35
2 437.31 764.55 467.31 783.55
2 355.08 794.77 378.08 828.77
1 91.37 763.68 115.37 796.68
1 54.97 778.52 88.97 804.52
1 6.46 732.59 33.46 766.59
1 83.25 932.36 103.25 949.36
1 95.49 852.75 116.49 879.75
1 172.08 804.11 193.08 827.11
1 272.4 858.42 291.4 883.42
1 325.79 883.77 344.79 912.77
1 122.46 559.36 144.46 574.36
1 102.6 525.46 122.6 553.46
1 93.1 458.32 115.1 479.32
1 159.16 415.16 178.16 437.16
1 100.46 278.11 118.46 294.11
1 547.16 644.96 570.16 669.96
1 662.43 956.93 680.43 973.93
1 569.14 942.66 584.14 965.66
1 661.47 990.68 681.47 1013.68
1 642.26 999.74 660.26 1017.74
1 645.37 664.84 665.37 684.84
1 926.48 405.42 953.48 424.42
1 901.2 392.39 925.2 414.39
1 980.24 443.66 1010.24 468.66
1 637.19 410.81 657.19 434.81
1 436.19 415.51 469.19 443.51
1 312.33 561.67 350.33 598.67
1 407.18 470.22 430.18 502.22
1 660.01 328.14 681.01 344.14
1 749.34 665.46 777.34 688.46
1 847.15 926.2 862.15 946.2
1 401.3 928.5 420.3 946.5
1 450.04 990.26 466.04 1010.26
1 198.94 389.34 248.94 425.34
1 548.75 281.48 565.75 305.48
0 56.01 68.48 108.01 130.48
0 14.24 117.47 60.24 161.47
0 170.5 10.54 217.5 61.54
0 166.35 123.45 204.35 167.45
0 215.21 185.61 258.21 225.61
0 138.18 245.21 187.18 296.21
0 241.24 101.51 268.24 133.51
0 427.4 61.98 484.4 124.98
0 329.27 387.22 361.27 425.22
0 315.51 240.56 348.51 274.56
0 421.14 186.73 452.14 221.73
0 420.33 305.49 458.33 349.49
0 476.37 275.4 510.37 310.4
0 15.43 465.43 51.43 497.43
0 196.09 357.5 265.09 409.5
0 293.38 671.09 337.38 705.09
0 396.52 551.32 431.52 582.32
0 172.21 890.76 205.21 929.76
0 463.63 350.46 493.63 391.46
0 290.53 4.29 361.53 81.29
0 641.98 101.25 725.98 164.25
0 711.96 25.61 779.96 118.61
0 915.39 65.43 987.39 117.43
0 777.16 213.25 824.16 248.25
0 918.47 497.22 973.47 536.22
0 948.24 546.33 977.24 587.33
0 788.95 631.59 850.95 676.59
0 746.55 764.08 801.55 804.08
0 699.11 834.48 734.11 876.48
0 573.52 775.49 630.52 819.49
0 675.87 920.3 710.87 949.3
0 94.05 591.6 114.05 619.6
0 23.32 619.2 51.32 645.2
0 254.43 592.61 317.43 651.61
0 352.4 930.7 398.4 966.7
0 410.06 757.55 435.06 781.55
0 583.39 859.18 615.39 893.18
0 919.68 811.22 949.68 841.22
0 889.01 857.61 931.01 882.61
0 846.51 956.05 877.51 1003.05
0 764.73 947.74 800.73 973.74
0 789.07 971.37 816.07 990.37
0 812.27 867.61 833.27 899.61
0 883.61 778.94 921.61 803.94
0 937.48 667.51 965.48 695.51
0 981.15 359.79 1004.15 384.79
0 925.34 326.66 965.34 361.66
0 853.0 155.51 887.0 203.51
0 809.09 452.57 847.09 478.57
0 472.95 443.38 502.95 474.38
0 545.24 454.69 576.24 501.69
0 634.04 487.44 659.04 511.44
0 612.16 357.57 645.16 401.57
0 277.58 786.47 318.58 824.47
0 174.19 669.42 208.19 696.42
0 169.41 707.53 189.41 735.53
0 164.98 732.31 194.98 753.31
0 131.34 312.51 151.34 337.51
0 39.24 958.54 70.24 980.54
0 248.36 947.46 274.36 982.46
0 338.53 823.29 365.53 857.29
0 572.14 688.24 601.14 716.24
0 513.78 711.19 536.78 741.19
0 579.5 747.34 608.5 778.34
0 553.4 756.37 573.4 785.37
0 434.29 856.75 456.29 887.75
0 457.14 899.51 480.14 927.51
0 505.98 882.74 525.98 913.74
0 534.16 898.49 555.16 931.49
0 498.15 991.25 516.15 1014.25
0 879.38 582.5 907.38 623.5
0 806.51 514.6 833.51 552.6
0 782.36 521.48 812.36 564.48
0 757.24 603.77 776.24 632.77
0 695.39 625.37 719.39 660.37
0 461.52 691.55 490.52 735.55
0 709.73 421.43 736.73 448.43
0 668.27 462.26 690.27 490.26
0 866.82 280.38 895.82 309.38
0 845.4 318.7 877.4 345.7
0 697.02 742.29 735.02 767.29
2 17.38 356.38 49.38 389.38
2 213.0 257.1 291.0 335.1
2 291.42 437.47 335.42 481.47
2 213.14 817.05 268.14 871.05
2 465.01 555.29 519.01 610.29
2 606.48 897.25 653.48 944.25
2 956.5 606.38 1023.5 672.38
2 957.84 784.55 1000.84 827.55
2 802.18 781.64 843.18 822.64
2 551.41 309.49 595.41 353.49
2 690.92 166.21 776.92 251.21
2 665.0 583.09 707.0 625.09
2 185.98 86.56 221.98 144.56
2 233.51 448.76 270.51 503.76
2 80.08 363.45 117.08 415.45
2 144.72 558.54 192.72 589.54
2 56.75 663.56 95.75 688.56
2 592.83 251.42 648.83 283.42
2 458.84 135.67 491.84 195.67
2 367.58 107.55 420.58 140.55
2 362.42 151.52 412.42 180.52
2 728.65 343.03 775.65 377.03
2 624.54 334.37 655.54 379.37
2 613.05 483.42 632.05 515.42
2 735.34 514.24 759.34 550.24
2 875.22 339.67 902.22 378.67
2 872.13 120.93 905.13 176.93
2 869.39 695.71 886.39 720.71
2 664.84 652.6 681.84 666.6
2 418.41 612.5 436.41 630.5
2 451.92 489.32 467.92 512.32
2 264.64 655.08 290.64 677.08
2 110.11 898.13 146.11 922.13
2 11.42 266.39 66.42 304.39
2 71.32 204.35 132.32 242.35
2 437.31 764.55 467.31 783.55
2 355.08 794.77 378.08 828.77
1 91.37 763.68 115.37 796.68
1 54.97 778.52 88.97 804.52
1 6.46 732.59 33.46 766.59
1 83.25 932.36 103.25 949.36
1 95.49 852.75 116.49 879.75
1 172.08 804.11 193.08 827.11
1 272.4 858.42 291.4 883.42
1 325.79 883.77 344.79 912.77
1 122.46 559.36 144.46 574.36
1 102.6 525.46 122.6 553.46
1 93.1 458.32 115.1 479.32
1 159.16 415.16 178.16 437.16
1 100.46 278.11 118.46 294.11
1 547.16 644.96 570.16 669.96
1 662.43 956.93 680.43 973.93
1 569.14 942.66 584.14 965.66
1 661.47 990.68 681.47 1013.68
1 642.26 999.74 660.26 1017.74
1 645.37 664.84 665.37 684.84
1 926.48 405.42 953.48 424.42
1 901.2 392.39 925.2 414.39
1 980.24 443.66 1010.24 468.66
1 637.19 410.81 657.19 434.81
1 436.19 415.51 469.19 443.51
1 312.33 561.67 350.33 598.67
1 407.18 470.22 430.18 502.22
1 660.01 328.14 681.01 344.14
1 749.34 665.46 777.34 688.46
1 847.15 926.2 862.15 946.2
1 401.3 928.5 420.3 946.5
1 450.04 990.26 466.04 1010.26
1 198.94 389.34 248.94 425.34
1 548.75 281.48 565.75 305.48
