0 99.39 101.29 183.39 160.29
0 98.51 532.24 161.51 577.24
0 183.28 103.6 238.28 172.6
0 292.11 96.73 349.11 187.73
0 631.12 234.56 710.12 313.56
0 684.46 321.46 755.46 409.46
0 427.23 253.23 478.23 335.23
0 389.06 252.98 439.06 317.98
0 201.08 22.4 275.08 68.4
0 812.46 402.5 851.46 464.5
0 738.19 770.61 807.19 857.61
0 751.66 929.11 821.66 971.11
0 605.21 646.15 688.21 695.15
0 379.27 771.93 435.27 814.93
0 71.85 895.11 114.85 921.11
0 248.52 549.43 303.52 585.43
0 264.31 876.15 302.31 916.15
0 637.25 787.0 677.25 844.0
0 576.13 492.27 649.13 565.27
0 412.13 486.67 465.13 537.67
0 613.46 186.4 666.46 232.4
0 780.64 203.18 864.64 282.18
0 756.4 119.3 814.4 214.3
0 684.23 48.39 729.23 101.39
0 533.25 260.73 580.25 288.73
0 774.01 528.21 826.01 561.21
0 533.17 785.0 580.17 834.0
0 106.15 362.13 151.15 402.13
0 337.16 608.82 389.16 657.82
0 29.96 181.03 73.96 250.03
2 141.89 644.04 212.89 715.04
2 58.42 620.18 104.42 665.18
2 123.54 580.32 168.54 625.32
2 254.18 668.28 299.18 713.28
2 312.12 822.23 357.12 867.23
2 343.37 931.62 375.37 963.62
2 385.01 893.15 427.01 935.15
2 418.15 892.25 467.15 941.25
2 462.18 920.4 499.18 957.4
2 431.64 988.4 473.64 1025.4
2 509.01 621.15 567.01 679.15
2 550.39 673.08 596.39 719.08
2 458.33 485.11 532.33 559.11
2 457.1 404.63 532.1 479.63
2 407.54 348.31 480.54 421.31
2 527.51 267.67 596.51 336.67
2 775.04 718.41 861.04 804.41
2 829.32 690.55 925.32 785.55
2 911.49 922.32 980.49 991.32
2 848.1 984.6 885.1 1022.6
2 432.0 609.46 480.0 657.46
2 822.32 49.1 904.32 131.1
2 895.5 117.29 972.5 193.29
2 828.99 179.05 914.99 265.05
2 511.87 104.57 610.87 203.57
2 46.44 -3.74 145.44 72.25
2 266.13 305.66 327.13 366.66
2 246.2 115.61 307.2 176.61
2 -0.9 488.33 34.1 525.33
2 58.18 805.43 107.18 853.43
2 140.0 824.12 184.0 868.12
2 101.27 850.36 137.27 887.36
2 780.08 599.12 845.08 665.12
2 755.35 407.46 815.35 467.46
2 746.42 436.2 796.42 485.2
2 599.17 878.02 647.17 927.02
2 420.33 576.29 458.33 613.29
2 427.33 162.02 506.33 210.02
2 399.11 38.23 481.11 95.23
2 335.26 476.52 379.26 542.52
2 249.26 427.65 272.26 462.65
2 61.42 379.59 89.42 419.59
2 275.32 753.24 315.32 780.24
2 671.76 905.51 708.76 930.51
2 841.23 851.5 883.23 876.5
2 875.71 814.56 936.71 849.56
2 739.66 563.17 785.66 654.17
2 861.04 484.5 915.04 566.5
2 807.02 289.01 861.02 386.01
2 943.5 461.23 999.5 500.23
2 970.44 539.19 1003.44 562.19
2 489.21 731.27 513.21 762.27
2 583.79 960.89 610.79 1004.89
2 572.67 950.64 599.67 969.64
2 314.12 934.08 350.12 962.08
2 59.11 158.6 90.11 220.6
2 913.36 392.57 965.36 443.57
2 870.36 343.81 944.36 417.81
2 889.48 273.29 969.48 328.29
2 779.31 295.52 819.31 359.52
1 214.26 772.19 244.26 800.19
1 189.0 822.19 211.0 842.19
1 30.38 966.37 48.38 983.37
1 49.85 735.69 76.85 760.69
1 250.43 634.19 272.43 654.19
1 560.0 377.38 580.0 396.38
1 664.07 538.19 685.07 558.19
1 686.22 830.7 707.22 849.7
1 496.0 880.75 520.0 903.75
1 525.07 992.52 544.07 1010.52
1 545.08 950.49 564.08 968.49
1 434.5 868.33 457.5 889.33
1 164.94 394.85 194.94 422.85
1 964.0 576.75 988.0 599.75
1 857.64 645.72 883.64 670.72
1 650.02 401.41 670.02 420.41
1 923.75 6.3 942.75 23.3
