0 144.1 64.21 196.1 89.21
0 163.46 237.73 208.46 275.73
0 228.18 171.05 317.18 277.05
0 280.44 114.39 298.44 136.39
0 226.57 9.01 249.57 30.01
0 321.83 40.57 356.83 75.57
0 418.19 110.66 451.19 145.66
0 298.5 673.33 345.5 708.33
0 259.45 786.6 299.45 813.6
0 345.29 568.54 368.29 598.54
0 578.29 675.78 608.29 724.78
0 952.9 166.81 982.9 194.81
0 716.25 17.47 753.25 65.47
0 436.07 504.64 492.07 559.64
0 552.52 617.86 583.52 655.86
0 665.86 350.63 688.86 380.63
0 761.14 37.26 780.14 67.26
2 870.86 480.23 923.86 533.23
2 885.91 817.95 928.91 860.95
2 926.32 256.35 964.32 293.35
2 128.0 670.16 160.0 702.16
2 315.99 615.16 355.99 630.16
2 776.85 713.65 793.85 757.65
2 435.94 419.05 515.94 441.05
2 161.0 340.26 179.0 400.26
2 962.83 341.58 971.83 373.58
1 701.15 869.53 728.15 893.53
1 140.37 803.14 166.37 832.14
1 211.39 818.44 243.39 847.44
1 28.82 921.43 49.82 944.43
1 126.29 135.45 144.29 154.45
1 197.09 19.12 215.09 37.12
1 533.18 477.46 568.18 509.46
1 714.41 258.59 728.41 273.59
1 506.91 670.15 524.91 686.15
