0 41.94 180.79 73.94 204.79
0 61.47 122.42 114.47 172.42
0 162.02 444.35 194.02 469.35
0 229.63 426.77 251.63 457.77
0 234.04 797.15 274.04 847.15
0 91.96 652.59 115.96 674.59
0 68.33 813.42 81.33 833.42
0 497.36 922.65 524.36 945.65
0 426.01 912.65 454.01 931.65
0 845.78 861.55 860.78 885.55
0 850.2 614.39 891.2 648.39
0 899.14 358.49 918.14 387.49
0 949.69 664.28 971.69 688.28
0 918.18 597.38 931.18 617.38
0 712.44 52.33 751.44 89.33
0 434.15 237.27 531.15 332.27
0 377.76 453.49 404.76 476.49
2 943.19 973.43 990.19 1021.43
2 917.35 953.44 957.35 993.44
2 881.26 803.5 917.26 839.5
2 943.99 489.55 979.99 525.55
2 726.14 373.15 759.14 407.15
2 766.06 81.49 826.06 141.49
2 259.34 645.24 300.34 664.24
1 657.27 719.38 673.27 735.38
1 654.38 825.17 672.38 843.17
1 561.46 891.55 573.46 907.55
1 268.0 536.42 284.0 546.42
1 203.3 375.59 219.3 388.59
1 716.47 298.64 735.47 317.64
1 925.36 64.22 941.36 81.22
1 792.48 361.59 806.48 374.59
1 724.09 502.41 737.09 515.41
1 832.52 534.32 847.52 551.32
