0 270.66 26.5 294.66 59.5
0 172.32 270.93 210.32 299.93
0 186.0 156.02 198.0 175.02
0 232.28 221.68 249.28 242.68
0 34.34 221.61 51.34 238.61
0 132.5 385.12 171.5 411.12
0 185.09 530.68 216.09 569.68
0 163.38 622.58 183.38 652.58
0 113.53 729.54 134.53 753.54
0 104.57 574.43 128.57 611.43
0 260.99 639.74 282.99 672.74
0 145.34 945.45 165.34 968.45
0 203.71 994.34 225.71 1015.34
0 169.2 929.19 188.2 943.19
0 195.38 889.24 219.38 904.24
0 338.97 930.15 356.97 946.15
0 3.93 705.31 22.93 724.31
0 293.96 297.29 324.96 320.29
0 262.3 591.24 308.3 630.24
0 454.04 785.49 490.04 829.49
0 378.42 401.52 404.42 429.52
0 397.3 379.64 429.3 404.64
0 399.49 254.05 415.49 273.05
0 450.29 14.39 484.29 55.39
0 497.93 599.73 521.93 624.73
0 631.25 52.37 667.25 85.37
0 683.42 199.37 703.42 222.37
0 662.36 194.4 680.36 208.4
0 666.05 231.57 698.05 255.57
0 710.97 429.85 732.97 455.85
0 756.34 431.42 778.34 462.42
0 854.29 114.54 888.29 160.54
0 923.44 345.31 988.44 397.31
0 774.28 245.15 812.28 307.15
0 827.97 831.54 847.97 859.54
0 702.04 944.37 734.04 969.37
0 668.08 919.27 689.08 938.27
0 639.21 707.22 662.21 725.22
0 594.46 714.64 609.46 737.64
0 844.14 977.36 861.14 1004.36
0 980.36 497.26 998.36 523.26
0 879.26 501.53 927.26 549.53
0 946.53 190.32 969.53 222.32
0 998.28 105.67 1016.28 125.67
0 806.69 37.43 838.69 68.43
0 357.16 502.54 452.16 593.54
0 696.33 722.02 770.33 781.02
0 932.62 788.76 1012.62 868.76
0 14.15 854.22 123.15 931.22
0 597.98 555.48 617.98 582.48
0 957.17 926.03 972.17 945.03
0 881.58 559.54 895.58 579.54
0 803.31 550.02 823.31 569.02
0 642.39 806.54 668.39 843.54
2 764.07 88.52 837.07 162.52
2 655.02 312.22 705.02 361.22
2 823.78 898.52 842.78 916.52
2 398.2 10.07 423.2 41.07
2 558.97 52.38 584.97 89.38
2 614.4 26.28 643.4 47.28
2 685.95 55.24 704.95 73.24
2 749.06 556.8 768.06 580.8
1 945.54 35.51 962.54 51.51
1 380.8 622.21 401.8 639.21
1 752.51 269.55 767.51 282.55
1 677.35 269.27 697.35 291.27
1 906.01 447.21 922.01 461.21
1 776.82 996.56 793.82 1011.56
1 798.02 970.27 818.02 987.27
1 716.2 492.6 733.2 507.6
1 520.79 311.01 545.79 332.01
1 591.35 356.54 607.35 370.54
1 505.02 435.24 519.02 446.24
1 762.57 188.71 777.57 203.71
1 259.35 478.31 275.35 491.31
1 55.27 430.38 75.27 448.38
1 199.39 313.17 215.39 327.17
1 299.35 108.23 319.35 128.23
1 369.27 307.4 388.27 326.4
1 374.9 295.49 387.9 307.49
1 18.45 327.76 29.45 338.76
1 9.25 507.11 21.25 517.11
1 201.05 845.59 216.05 858.59
1 314.68 669.37 330.68 684.37
1 495.39 185.68 515.39 202.68
1 572.81 158.24 593.81 175.24
1 512.23 65.66 526.23 79.66
1 957.26 74.31 969.26 84.31
1 974.19 304.58 995.19 322.58
1 777.38 402.59 793.38 417.59
1 711.19 555.28 727.19 570.28
1 966.6 702.6 982.6 717.6
1 922.23 760.42 943.23 778.42
1 843.4 594.51 859.4 608.51
1 913.0 578.09 939.0 590.09
1 558.52 972.25 577.52 985.25
1 586.25 478.07 599.25 486.07
1 546.1 473.28 563.1 488.28
1 689.31 620.56 705.31 631.56
1 611.2 450.65 626.2 465.65
