0 39.51 329.15 95.51 414.15
0 422.49 22.12 499.49 69.12
0 426.98 473.73 455.98 519.73
0 302.54 492.06 408.54 551.06
0 471.01 661.13 513.01 703.13
0 550.47 630.63 582.47 682.63
0 399.99 603.09 451.99 645.09
0 714.08 139.13 775.08 189.13
0 751.99 373.66 788.99 423.66
0 788.03 213.65 840.03 258.65
0 888.52 94.06 941.52 124.06
0 953.05 587.68 985.05 625.68
0 550.03 438.1 604.03 503.1
0 932.0 0.15 989.0 84.15
0 693.46 842.14 749.46 885.14
0 464.44 912.32 492.44 958.32
0 108.22 907.48 160.22 980.48
0 740.75 250.99 759.75 271.99
0 685.77 492.45 704.77 518.45
0 649.46 948.7 679.46 973.7
2 792.64 151.3 818.64 184.3
2 963.49 375.35 1010.49 421.35
2 727.01 592.28 756.01 621.28
2 795.46 723.44 830.46 770.44
2 470.28 437.74 516.28 476.74
2 396.9 438.22 438.9 460.22
2 891.5 930.58 914.5 953.58
2 973.2 747.91 1014.2 788.91
2 652.38 694.47 684.38 726.47
2 440.53 811.11 492.53 863.11
2 126.04 801.78 182.04 857.78
2 221.37 850.32 293.37 921.32
2 646.01 185.11 700.01 239.11
2 191.3 131.58 239.3 180.58
1 10.5 108.64 23.5 121.64
1 18.89 122.16 30.89 134.16
1 109.01 140.35 124.01 156.35
1 359.19 357.11 374.19 372.11
1 330.35 311.67 342.35 322.67
1 409.02 259.14 422.02 272.14
1 513.29 161.18 533.29 180.18
1 614.15 255.18 627.15 268.18
1 634.5 117.7 656.5 139.7
1 644.53 45.79 662.53 63.79
1 678.21 67.27 694.21 84.27
1 858.15 168.65 872.15 183.65
1 926.27 275.65 944.27 294.65
1 470.0 558.28 498.0 586.28
1 392.59 722.18 404.59 734.18
1 317.46 784.34 333.46 799.34
1 360.25 791.09 372.25 805.09
1 195.0 928.25 219.0 957.25
1 210.43 468.33 233.43 486.33
1 171.41 548.12 225.41 608.12
1 538.51 805.66 557.51 827.66
1 773.58 792.37 790.58 805.37
1 862.36 861.47 882.36 887.47
1 837.37 885.15 853.37 901.15
1 696.46 545.43 723.46 564.43
1 646.4 646.15 659.4 661.15
1 714.33 719.5 726.33 731.5
1 769.95 694.5 783.95 708.5
1 940.81 488.57 954.81 508.57
1 962.54 487.5 998.54 522.5
1 694.1 467.35 707.1 479.35
1 618.93 430.63 636.93 448.63
1 667.2 648.43 681.2 662.43
1 339.43 872.51 366.43 898.51
1 348.49 940.57 365.49 959.57
1 379.09 936.28 404.09 955.28
1 494.21 900.61 507.21 917.61
1 570.38 925.46 589.38 948.46
1 500.13 828.28 514.13 846.28
1 583.46 767.45 594.46 779.45
1 511.43 539.57 530.43 553.57
1 366.32 22.34 380.32 44.34
1 370.19 71.94 383.19 79.94
1 390.58 47.23 404.58 66.23
1 147.32 325.3 165.32 344.3
1 121.39 321.39 142.39 334.39
1 190.43 404.24 216.43 419.24
1 296.05 409.48 325.05 431.48
1 736.97 421.44 759.97 457.44
1 604.51 700.47 623.51 713.47
1 693.15 807.51 712.15 823.51
1 92.47 668.65 112.47 685.65
1 428.32 533.44 460.32 552.44
1 826.0 900.0 827.0 901.0
1 268.57 685.8 297.57 714.8
