0 301.21 27.52 353.21 70.52
0 167.17 890.18 206.17 913.18
0 786.25 931.95 826.25 962.95
0 802.39 975.51 864.39 1018.51
0 722.48 848.07 770.48 887.07
0 875.01 740.41 918.01 787.41
0 882.26 49.51 913.26 78.51
0 343.51 296.58 381.51 337.58
0 642.95 434.57 684.95 481.57
0 420.17 610.16 436.17 633.16
0 906.26 869.51 942.26 900.51
0 498.02 226.43 531.02 250.43
0 663.58 140.43 687.58 166.43
0 689.75 118.43 721.75 143.43
0 673.32 67.56 697.32 92.56
0 45.41 624.78 74.41 655.78
0 229.23 870.99 250.23 889.99
0 682.49 823.45 716.49 847.45
2 278.15 197.2 300.15 219.2
2 362.89 97.05 378.89 113.05
2 285.49 825.23 308.49 848.23
2 408.12 566.37 434.12 593.37
2 347.52 797.17 363.52 813.17
2 825.2 423.99 871.2 469.99
2 840.99 197.12 875.99 232.12
2 981.01 178.72 1000.01 197.72
2 915.62 468.11 954.62 507.11
2 578.27 469.61 609.27 500.61
2 503.5 454.29 529.5 481.29
2 382.12 789.31 398.12 809.31
2 134.27 937.62 180.27 972.62
2 21.19 985.41 61.19 1024.41
2 73.21 190.32 99.21 213.32
2 95.43 25.34 127.43 52.34
2 581.22 176.57 609.22 202.57
2 722.39 43.5 752.39 71.5
2 986.92 246.65 1023.92 285.65
1 289.19 361.32 316.19 378.32
1 493.96 790.23 503.96 799.23
1 537.23 777.21 551.23 785.21
1 528.23 805.42 551.23 828.42
1 548.23 780.12 566.23 794.12
1 653.03 758.13 675.03 780.13
1 739.21 896.58 752.21 909.58
1 658.92 648.09 672.92 662.09
1 765.46 486.73 781.46 502.73
1 847.23 501.67 868.23 522.67
1 959.26 571.33 974.26 585.33
1 807.17 860.4 818.17 872.4
1 41.33 151.3 55.33 164.3
1 154.23 283.27 165.23 295.27
1 2.32 390.31 18.32 407.31
1 900.25 6.32 912.25 18.32
1 753.89 396.0 765.89 408.0
1 912.33 337.15 928.33 352.15
1 848.3 822.03 862.3 836.03
1 319.13 500.09 330.13 511.09
1 558.42 845.62 576.42 862.62
1 685.37 991.55 704.37 1010.55
1 96.5 771.5 104.5 779.5
1 514.91 958.15 534.91 978.15
1 956.35 822.99 969.35 834.99
1 354.61 515.72 366.61 527.72
1 479.41 727.27 494.41 741.27
1 988.5 99.36 1001.5 112.36
1 663.22 99.3 681.22 117.3
1 651.18 84.32 656.18 88.32
