0 108.92 357.87 154.92 400.87
0 153.24 137.44 177.24 157.44
0 422.4 374.39 456.4 407.39
0 327.28 601.89 479.28 716.89
0 769.37 25.33 905.37 161.33
0 634.03 87.46 686.03 143.46
0 553.25 236.99 660.25 386.99
0 527.45 361.96 648.45 528.96
0 750.5 334.12 853.5 450.12
0 864.12 337.13 1017.12 484.13
0 597.2 520.35 1012.2 1010.35
0 495.35 533.45 523.35 580.45
0 458.26 822.36 519.26 860.36
0 212.2 65.62 233.2 101.62
0 397.18 922.17 432.18 954.17
0 42.42 908.28 65.42 921.28
0 155.25 891.63 174.25 908.63
0 738.17 423.81 751.17 445.81
0 334.46 268.72 389.46 324.72
0 418.53 137.02 437.53 158.02
0 321.29 85.4 341.29 108.4
0 523.41 247.5 547.41 274.5
2 4.93 37.36 38.93 72.36
2 322.41 191.07 372.41 241.07
2 473.03 580.4 515.03 622.4
2 460.14 518.34 485.14 543.34
2 307.89 270.7 338.89 301.7
2 83.97 264.37 282.97 298.37
2 735.78 193.25 806.78 220.25
2 337.33 464.33 376.33 478.33
2 70.57 451.56 105.57 460.56
2 54.27 495.04 111.27 509.04
2 571.19 565.59 590.19 609.59
2 886.35 156.37 924.35 170.37
1 3.63 386.54 25.63 408.54
1 126.27 208.44 147.27 229.44
1 197.12 613.3 216.12 632.3
1 27.36 568.79 47.36 588.79
1 69.11 706.66 92.11 729.66
1 290.33 787.2 312.33 809.2
1 277.35 678.4 297.35 699.4
1 675.48 725.49 700.48 749.49
1 726.2 784.45 755.2 813.45
1 645.81 668.61 664.81 687.61
1 861.01 667.18 875.01 681.18
1 477.15 799.49 496.15 819.49
1 560.0 518.17 580.0 538.17
1 867.84 242.1 890.84 265.1
1 647.49 30.51 680.49 64.5
1 498.57 42.73 514.58 58.73
1 194.45 981.52 224.45 1001.52
1 232.26 731.46 249.26 751.46
1 453.36 739.31 473.36 762.31
1 614.44 113.14 629.44 135.14
1 725.95 590.4 745.95 611.4
