0 518.55 245.6 629.55 374.6
0 102.95 657.91 188.95 738.91
0 271.18 411.12 330.18 467.12
0 450.43 667.23 528.43 809.23
0 77.11 806.74 168.11 904.74
0 63.94 754.27 112.94 820.27
0 547.38 512.35 655.38 623.35
0 672.39 -2.53 734.39 54.47
0 813.23 965.45 853.23 1005.45
0 358.22 364.69 399.22 398.69
2 454.05 279.74 492.05 317.74
2 257.0 731.44 315.0 789.44
2 709.0 290.17 769.0 350.17
2 3.21 69.51 34.21 99.51
2 714.46 445.37 791.46 468.37
2 91.33 346.47 134.33 363.47
1 36.27 426.65 74.28 471.65
1 275.49 471.38 324.49 513.38
1 430.04 109.67 455.04 134.67
1 538.97 104.17 573.97 134.17
1 392.04 498.18 426.04 534.18
1 344.48 982.22 376.48 1008.22
1 755.48 97.72 778.48 127.72
1 1.51 160.18 36.51 186.18
1 844.03 869.66 878.03 900.66
1 -1.06 713.17 16.94 750.17
1 506.28 197.2 529.28 221.2
1 708.06 261.37 723.06 277.37
1 754.99 40.31 788.99 74.31
1 673.02 53.41 707.02 100.41
1 190.12 236.4 212.12 254.4
1 536.36 652.18 548.36 664.18
