0 733.51 360.04 910.51 530.04
0 686.48 509.16 755.48 579.16
0 890.48 217.13 949.48 299.13
0 502.5 436.08 569.5 502.08
0 746.99 667.6 810.99 722.6
0 971.69 362.76 1025.69 416.76
0 112.92 672.07 172.92 736.07
0 675.86 798.29 733.86 871.29
0 518.96 789.23 552.96 837.23
0 180.44 518.41 284.44 633.41
0 796.0 752.51 990.0 933.51
2 608.53 75.09 657.53 123.09
2 135.5 770.22 166.5 801.22
2 267.5 654.61 323.5 710.61
2 956.36 171.35 1029.36 299.35
2 -0.92 883.63 31.08 919.63
1 210.04 151.51 235.04 176.51
1 211.5 29.7 236.5 53.7
1 211.5 29.7 236.5 53.7
1 347.24 46.57 374.24 74.57
1 247.51 236.47 265.51 254.47
1 121.23 394.38 150.23 423.38
1 66.99 569.73 86.99 594.73
1 830.34 18.55 868.34 54.55
1 898.15 618.69 931.15 655.69
1 951.92 516.05 977.92 543.05
1 976.97 565.53 996.97 587.53
1 750.95 908.49 778.95 941.49
1 753.98 855.56 787.98 887.56
1 668.51 866.32 705.51 911.32
1 412.29 914.37 454.29 958.37
1 443.22 758.24 472.22 788.24
1 541.45 911.46 570.45 944.46
1 468.31 523.77 492.31 552.77
1 316.01 563.2 352.01 578.2
1 44.51 47.7 61.51 62.7
1 430.06 128.3 450.06 144.3
1 579.5 34.53 614.5 69.53
1 700.17 275.5 733.17 305.5
1 884.09 150.18 903.09 171.18
1 549.36 395.3 568.36 412.3
1 471.22 576.75 495.22 598.75
1 511.1 552.65 536.1 573.65
1 263.27 762.38 298.27 802.38
1 677.1 427.41 695.1 447.41
1 619.15 654.83 634.15 685.83
1 397.06 875.26 422.06 896.26
