0 182.18 394.19 263.18 451.19
0 185.45 726.28 294.45 835.28
0 340.21 825.5 474.21 982.5
0 343.19 75.93 403.19 138.93
0 106.64 174.18 129.64 194.18
0 337.22 180.35 361.22 205.35
0 351.54 299.38 404.54 366.38
0 367.21 545.54 435.21 609.54
0 294.28 552.1 436.28 681.1
0 462.47 576.57 529.47 634.57
0 464.66 464.36 508.66 513.36
0 280.18 984.36 306.18 1001.36
0 249.61 947.7 274.61 968.7
0 587.25 969.24 603.25 995.24
0 714.97 369.16 820.97 468.16
0 609.37 255.09 717.37 333.09
0 777.51 316.17 870.51 373.17
0 952.25 374.48 1006.25 432.48
0 986.93 589.66 1016.93 618.66
0 884.17 947.5 905.17 974.5
0 898.02 882.97 922.02 899.97
0 868.97 823.17 901.97 845.17
0 374.6 726.27 409.6 747.27
0 925.12 146.25 964.12 171.25
0 802.24 72.45 831.24 90.45
0 846.26 113.47 867.26 141.47
0 549.26 782.57 565.26 804.57
0 457.93 19.62 476.93 43.62
0 97.06 39.71 120.06 64.71
0 579.33 631.81 603.33 664.81
0 528.77 857.38 549.77 880.38
2 470.07 406.19 523.08 459.19
2 887.27 123.44 939.27 175.44
2 679.59 842.23 765.59 871.23
2 781.34 273.08 821.34 287.08
1 796.49 479.78 811.49 501.78
1 822.43 518.33 841.43 535.33
1 983.99 677.27 1003.99 696.27
1 351.67 223.34 381.67 242.34
1 85.23 789.35 101.23 805.35
1 177.5 668.44 198.5 689.44
1 306.26 228.46 328.26 250.46
1 89.11 319.55 108.11 339.55
1 179.85 151.32 194.85 166.32
1 170.76 324.16 187.76 340.16
1 627.18 240.52 646.18 258.52
1 933.78 242.46 956.78 267.46
1 762.52 954.01 781.52 973.01
