0 66.31 29.09 164.31 183.09
0 37.15 122.21 136.15 211.21
0 54.43 510.23 125.43 575.23
0 24.31 601.61 98.31 676.61
0 221.09 492.71 331.09 596.71
0 271.99 628.2 423.99 741.2
0 204.69 698.3 267.69 747.3
0 208.19 860.01 286.19 951.01
0 129.47 740.44 170.47 770.44
0 255.24 179.53 338.24 263.53
0 385.02 164.28 443.02 217.28
0 415.23 292.3 475.23 349.3
0 575.5 499.23 652.5 582.23
0 696.66 400.26 764.66 485.26
0 576.28 246.14 710.28 434.14
0 747.12 115.41 866.12 223.41
0 730.58 707.25 774.58 758.25
0 8.1 716.16 69.1 768.16
0 902.22 344.42 951.22 386.42
0 427.34 908.55 523.34 1019.55
0 519.38 848.39 675.38 1022.39
0 153.35 603.35 189.35 631.35
0 197.38 396.23 213.38 424.23
0 780.21 329.72 809.21 354.72
0 945.71 122.44 968.71 148.44
0 671.22 716.23 694.22 744.23
2 42.62 503.2 117.62 526.2
2 539.82 189.35 662.82 221.35
2 863.54 440.54 899.54 451.54
2 848.19 483.19 904.19 498.19
2 475.39 610.73 491.39 656.73
2 89.48 339.39 130.48 379.39
2 73.17 298.15 120.17 346.15
2 799.52 26.37 836.52 63.37
2 63.37 830.71 135.37 901.71
1 833.25 891.53 865.25 915.53
1 949.06 878.69 971.06 901.69
1 992.48 967.64 1018.48 995.64
1 865.74 696.55 888.74 726.55
1 822.02 559.38 846.02 582.38
1 743.14 850.65 770.14 880.65
1 739.27 947.05 766.27 976.05
1 987.36 602.68 1015.36 629.68
1 793.99 377.56 821.99 401.56
1 918.5 199.56 945.5 223.56
1 553.0 56.09 571.0 72.09
1 458.24 417.37 484.24 440.37
1 650.03 613.28 675.03 636.28
1 34.38 312.54 52.38 330.54
1 374.51 815.56 397.51 835.56
