0 68.04 58.46 132.04 120.46
0 200.5 123.26 231.5 165.26
0 92.19 254.31 141.19 299.31
0 88.67 146.25 116.67 171.25
0 275.22 158.66 303.22 181.66
0 278.67 243.48 310.67 287.48
0 376.22 114.08 489.22 202.08
0 365.61 92.56 403.61 130.56
0 495.18 16.29 546.18 61.29
0 816.52 821.65 891.52 902.65
0 958.76 688.63 1019.76 747.63
0 958.09 874.44 1003.09 912.44
0 731.39 548.7 779.39 596.7
0 782.45 153.47 849.45 229.47
0 824.01 223.32 880.01 266.32
0 847.2 511.47 883.2 543.47
0 357.16 539.39 417.16 591.39
0 561.47 67.74 574.47 85.74
0 792.39 419.16 830.39 453.16
0 770.04 415.13 810.04 449.13
0 822.32 618.37 840.32 639.37
0 784.11 635.5 805.11 662.5
0 801.01 648.16 839.01 676.16
0 533.34 878.08 577.34 910.08
0 620.24 810.77 645.24 834.77
0 654.57 695.32 674.57 718.32
0 650.96 629.22 676.96 651.22
0 207.19 905.35 238.19 928.35
0 137.47 414.73 161.47 441.73
0 174.4 532.32 192.4 549.32
0 150.36 551.13 188.36 589.13
0 456.19 490.7 481.19 528.7
0 586.5 632.0 605.5 651.0
0 940.32 276.7 962.32 306.7
0 573.21 166.69 604.21 201.69
0 479.98 238.51 495.98 267.51
0 927.16 810.44 954.16 843.44
0 290.35 822.59 324.35 852.59
0 502.5 942.66 534.5 969.66
0 35.2 994.53 62.2 1016.53
0 360.2 770.49 370.2 788.49
0 568.21 429.3 601.21 472.3
0 662.63 501.46 690.63 537.46
0 652.49 981.96 675.49 1000.96
0 672.95 829.55 697.95 849.55
2 173.03 333.35 223.03 381.35
2 315.01 258.42 353.01 295.42
2 404.98 268.51 442.98 306.51
2 773.16 69.45 808.16 104.45
2 328.0 342.7 352.0 417.7
2 609.38 281.2 625.38 331.2
1 974.09 42.19 994.09 62.19
1 960.14 584.75 977.14 600.75
1 516.0 592.25 533.0 609.25
1 42.43 730.32 60.43 747.32
1 297.4 699.32 317.4 718.32
1 652.49 228.43 671.49 246.43
1 659.5 201.5 676.5 218.5
1 606.34 729.67 624.34 746.67
1 913.15 983.49 932.15 1003.49
