0 42.55 229.12 113.55 273.12
0 236.52 195.61 271.52 251.61
0 464.92 185.7 535.92 221.7
0 797.24 1151.22 889.24 1212.22
0 850.08 1398.13 907.08 1507.13
0 981.78 13.25 1102.78 112.25
0 956.27 742.38 1021.27 834.38
0 993.21 1633.38 1079.21 1691.38
0 1063.19 1380.65 1107.19 1460.65
0 1105.31 719.26 1177.31 816.26
0 1150.38 446.74 1224.38 568.74
0 1093.44 290.09 1160.44 328.09
0 1194.46 135.54 1353.46 281.54
0 1265.01 891.09 1361.01 1068.09
0 1199.0 1205.64 1256.0 1308.64
0 1222.49 1562.13 1286.49 1666.13
0 1353.99 1857.58 1454.99 1943.58
0 1458.99 1924.03 1604.99 2036.03
0 1541.53 1685.14 1624.53 1825.14
0 1650.96 1582.56 1772.96 1684.56
0 1343.01 1554.12 1403.01 1665.12
0 1411.99 1490.05 1540.99 1588.05
0 1327.49 1341.03 1457.49 1416.03
0 1368.96 1232.62 1421.96 1323.62
0 1401.53 1079.65 1446.53 1161.65
0 1466.06 1016.62 1550.06 1119.62
0 1531.5 735.03 1670.5 813.03
0 1465.49 451.61 1544.49 571.61
0 1873.5 513.54 1970.5 569.54
0 714.93 671.57 794.93 720.57
2 91.01 316.53 207.01 430.53
2 168.52 529.65 231.52 592.65
2 234.47 898.16 294.47 956.16
2 222.01 1019.7 292.01 1089.7
2 470.53 630.55 550.53 710.55
2 576.48 535.17 636.48 596.17
2 704.02 1564.62 773.02 1633.62
2 673.47 1798.14 734.47 1859.14
2 508.01 1816.56 561.01 1867.56
2 609.0 1625.07 661.0 1675.07
2 920.98 412.09 1050.98 539.09
2 966.01 315.12 1024.01 372.12
2 1408.98 688.58 1498.98 778.58
2 1237.01 1959.61 1314.01 2033.61
2 1543.98 1165.54 1654.98 1276.54
2 1611.49 325.56 1770.49 484.56
2 561.51 319.66 633.51 391.66
2 634.55 1458.64 707.55 1529.64
2 1462.16 54.93 1659.16 202.93
2 1217.06 254.24 1289.06 349.24
2 1285.12 529.07 1359.12 584.07
2 1162.55 770.67 1217.55 864.67
2 952.1 1038.02 1056.1 1113.02
2 1252.54 1361.19 1322.54 1468.19
2 1486.03 1405.7 1584.03 1537.7
2 1060.03 1516.67 1146.03 1639.67
2 1312.56 1781.23 1376.56 1879.23
2 896.04 1898.26 950.04 1984.26
2 1039.68 1297.03 1103.68 1340.03
2 667.11 6.54 759.11 74.54
2 543.05 1483.21 580.05 1520.21
2 43.03 114.58 105.03 182.58
2 877.02 793.14 936.02 833.14
2 1209.49 712.57 1362.49 865.57
1 1353.98 803.18 1421.98 871.18
1 1230.0 1741.14 1291.0 1802.14
1 1099.5 1040.65 1169.5 1110.65
1 939.51 1288.66 1008.51 1357.66
1 987.5 1189.58 1077.5 1279.58
1 1084.01 1857.63 1146.01 1919.63
1 992.49 1901.04 1042.49 1951.04
1 881.99 1691.59 969.99 1779.59
1 1109.97 890.64 1167.97 948.64
1 1027.5 935.64 1106.5 1014.64
1 1048.0 693.57 1128.0 773.57
1 817.5 65.55 899.5 147.55
1 694.0 164.24 759.0 229.24
1 727.0 74.1 795.0 142.1
1 726.01 293.57 826.01 393.57
1 752.0 852.07 806.0 906.07
1 722.49 909.64 790.49 977.64
1 647.5 831.61 703.5 887.61
1 589.5 734.6 683.5 828.6
1 835.0 899.03 882.0 946.03
1 902.5 834.54 949.5 881.54
1 833.0 1189.51 947.0 1303.51
1 813.5 1360.52 861.5 1408.52
1 760.52 1825.13 809.52 1874.13
1 761.0 1890.0 809.0 1938.0
1 626.0 1921.12 677.0 1973.12
1 644.5 1752.6 721.5 1829.6
1 559.96 1756.58 610.96 1807.58
1 453.47 1983.12 504.47 2034.12
1 384.96 1650.6 464.96 1730.6
1 362.99 1369.16 429.99 1436.16
1 280.55 1180.19 341.55 1241.19
1 285.0 1090.13 349.0 1154.13
1 342.5 904.71 408.5 970.71
1 338.5 669.54 385.5 716.54
1 390.51 688.67 450.51 748.67
1 593.01 420.11 647.01 474.11
1 437.98 494.63 495.98 552.63
1 373.51 469.2 431.51 527.2
1 288.46 396.06 372.46 480.06
1 472.03 303.7 543.03 374.7
1 348.48 168.18 417.48 237.18
1 604.57 25.2 671.57 92.2
1 446.98 0.13 504.98 57.13
1 234.5 109.65 297.5 172.65
1 63.52 381.15 126.52 444.15
1 104.5 627.59 160.5 683.59
1 138.0 688.13 202.0 752.13
1 135.99 792.62 206.99 863.62
1 123.0 941.58 208.0 1026.58
1 237.5 816.12 291.5 870.12
1 74.0 1080.15 134.0 1140.15
1 52.5 1216.11 110.5 1274.11
1 46.97 1315.57 127.97 1396.57
1 188.49 1272.69 253.49 1337.69
1 188.02 1333.66 260.02 1405.66
1 83.98 1520.58 138.99 1575.58
1 53.5 1640.16 115.5 1702.16
1 46.54 1822.17 113.54 1889.17
1 76.5 1976.61 125.5 2025.61
1 168.0 1669.14 229.0 1730.14
1 196.05 1584.65 258.05 1646.65
1 278.5 1514.08 331.5 1567.08
1 308.0 1575.22 377.0 1644.22
1 291.48 1638.18 360.48 1707.18
1 243.0 1768.21 313.0 1838.21
1 291.0 1963.13 355.0 2027.13
1 970.0 905.24 1035.0 970.24
