2 260.01 578.62 328.01 677.62
0 98.98 1870.58 192.98 1973.58
0 -1.79 1742.14 119.21 1822.14
0 318.5 1911.56 401.5 2044.56
0 1731.49 1298.66 1808.49 1413.66
0 1924.03 628.59 2008.03 679.59
0 1295.01 1058.69 1357.01 1145.69
0 738.98 230.58 832.98 333.58
0 129.46 274.58 230.46 349.58
0 35.96 959.58 123.96 1036.58
0 616.45 1444.59 683.45 1519.59
0 985.46 1908.14 1050.46 1980.14
0 1873.51 1487.11 1966.51 1593.11
2 589.02 999.13 647.02 1057.13
2 827.51 1095.6 904.51 1172.6
2 1131.5 1023.63 1196.5 1088.63
2 1363.51 1677.63 1436.51 1750.63
2 1355.5 1965.61 1404.5 2014.61
2 1622.0 1746.1 1742.0 1866.1
2 1747.51 1567.56 1832.51 1652.56
2 1827.51 1641.6 1952.51 1766.6
2 1768.0 750.17 1828.0 810.17
2 1821.01 769.08 1907.01 855.08
2 1733.5 371.6 1810.5 448.6
2 887.5 381.58 984.5 478.58
2 432.02 790.09 568.02 926.09
2 125.0 1469.06 219.0 1563.06
2 108.5 1368.52 227.5 1487.52
2 240.0 1482.09 316.0 1558.09
2 823.01 1805.06 909.01 1891.06
2 879.51 1807.58 992.51 1920.58
2 903.49 543.56 1028.49 668.56
2 479.0 259.07 581.0 361.07
1 1559.01 473.66 1645.01 590.66
2 657.99 453.13 733.99 543.13
2 1009.95 1147.12 1077.95 1201.12
2 887.0 939.13 933.0 1017.13
2 1292.46 791.09 1379.46 873.09
1 1476.94 297.68 1526.94 350.68
2 1647.45 1133.11 1716.45 1211.11
2 460.43 1048.61 531.43 1119.61
1 80.01 797.58 140.01 862.58
1 48.0 1460.07 88.0 1500.07
1 -1.73 1561.57 36.27 1610.57
1 99.5 1133.64 168.5 1202.64
1 213.0 925.16 287.0 999.16
1 213.0 925.16 287.0 999.16
1 331.5 905.54 376.5 950.54
1 391.49 509.65 464.49 582.65
1 531.51 555.63 604.51 628.63
1 601.5 725.55 682.5 806.55
1 742.01 918.07 822.01 998.07
1 531.5 1185.69 568.5 1222.69
1 447.49 1287.6 524.49 1364.6
1 336.0 1392.14 408.0 1464.14
1 491.5 1521.65 544.5 1574.65
1 385.99 1704.17 445.99 1764.17
1 495.02 1783.14 549.02 1837.14
1 604.5 1752.6 651.5 1799.6
1 647.5 1619.52 764.5 1736.52
1 902.0 1476.12 954.0 1528.12
1 744.0 1494.12 844.0 1594.12
1 1223.5 1377.58 1268.5 1422.58
1 1299.0 1333.19 1369.0 1403.19
1 1411.5 1315.68 1472.5 1376.68
1 1100.5 1272.6 1147.5 1319.6
1 1131.5 1409.67 1192.5 1470.67
1 1218.98 1657.14 1284.98 1723.14
1 1238.01 1776.17 1306.01 1844.17
1 1222.01 1918.09 1278.01 1974.09
1 1445.02 1851.13 1503.02 1909.13
1 1495.0 1919.19 1565.0 1989.19
1 1737.5 1907.66 1802.5 1972.66
1 1413.51 1571.52 1462.51 1620.52
1 1481.5 1563.69 1518.5 1600.69
1 1599.5 1403.57 1684.5 1488.57
1 1797.5 1183.66 1862.5 1248.66
1 1859.5 1093.65 1912.5 1146.65
1 1795.49 983.56 1840.49 1028.56
1 1590.0 948.11 1630.0 988.11
1 1495.52 951.64 1544.52 1000.64
1 1378.5 924.54 1425.5 971.54
1 1109.0 797.16 1155.0 843.16
1 1035.5 689.58 1080.5 734.58
1 847.0 705.11 897.0 755.11
1 795.5 601.58 840.5 646.58
1 815.0 535.15 873.0 593.15
1 767.5 445.61 816.5 494.61
1 566.99 449.18 604.99 487.18
1 321.0 365.16 367.0 411.16
1 130.49 518.53 181.49 569.53
1 23.5 289.61 72.5 338.61
1 10.0 72.14 70.0 132.14
1 294.51 188.68 329.51 223.68
1 304.5 74.63 347.5 117.63
1 395.5 3.59 488.5 96.59
1 531.0 203.16 605.0 277.16
1 622.99 1.06 708.99 87.06
1 899.5 11.69 960.5 72.69
1 1071.49 335.62 1124.49 388.62
1 1090.0 388.12 1142.0 440.12
1 1199.0 391.16 1237.0 429.16
1 1123.5 617.69 1156.5 650.69
1 1283.0 567.06 1329.0 613.06
1 1412.0 604.09 1468.0 660.09
1 1320.0 254.1 1356.0 290.1
1 1273.01 65.15 1315.01 107.15
1 1097.0 -1.27 1163.0 59.73
1 1235.0 169.15 1293.0 227.15
1 1428.0 132.02 1508.0 212.02
1 1440.0 54.08 1484.0 98.08
1 1607.0 241.15 1665.0 299.15
1 1636.51 434.58 1691.51 489.58
1 1368.0 550.1 1404.0 586.1
1 983.52 1231.67 1020.52 1268.67
1 1779.0 599.16 1817.0 637.16
1 1636.0 670.07 1688.0 722.07
1 1834.0 268.11 1874.0 308.11
1 1787.01 209.08 1829.01 251.08
1 1867.49 107.67 1936.49 176.67
1 1963.5 319.63 2028.5 384.63
