0 485.02 544.04 621.02 624.04
0 110.5 77.57 205.5 156.57
0 15.03 650.1 109.03 792.1
0 103.53 887.74 130.53 930.74
0 59.47 933.1 106.47 961.1
0 141.98 367.65 183.98 440.65
0 225.47 647.15 284.47 745.15
0 217.51 783.54 280.51 818.54
0 409.51 854.55 568.51 961.55
0 840.01 745.61 906.01 790.61
0 897.92 574.11 1029.92 684.11
0 794.02 409.62 872.02 462.62
0 692.61 318.11 757.61 366.11
0 920.0 135.67 960.0 192.67
0 444.02 346.23 470.02 384.23
0 309.49 812.58 394.49 871.58
0 360.96 982.33 464.96 1027.33
0 755.49 826.2 792.49 912.2
0 651.48 533.72 674.48 582.72
0 661.0 722.26 679.0 762.26
2 263.54 382.16 314.54 434.16
2 978.39 398.65 1013.39 431.65
2 924.6 904.66 957.6 939.66
2 213.0 848.11 287.0 922.11
2 310.99 935.1 354.99 979.1
2 465.5 811.62 504.5 850.62
2 531.5 252.54 576.5 297.54
2 593.0 263.13 633.0 303.13
2 840.5 210.64 899.5 269.64
2 529.97 112.7 555.97 137.7
2 590.03 496.7 616.03 521.7
2 825.51 645.65 844.51 670.65
2 993.51 938.21 1024.51 968.21
2 481.5 346.22 498.5 368.22
2 421.99 604.17 455.99 648.17
2 279.01 510.62 329.01 569.62
2 399.5 7.09 440.5 57.09
1 516.51 399.77 541.51 432.77
1 483.51 513.75 506.51 542.75
1 348.47 571.22 377.47 597.22
1 255.95 591.74 281.95 624.74
1 105.52 609.68 138.52 634.68
1 76.5 484.21 103.5 518.21
1 38.51 413.26 67.51 447.26
1 123.52 212.18 158.52 240.18
1 110.5 307.67 147.5 344.67
1 334.0 474.69 370.0 515.69
1 624.97 170.64 644.97 191.64
1 630.0 120.7 654.0 139.7
1 563.5 93.76 590.5 128.76
1 469.48 68.62 492.48 87.62
1 354.0 150.2 370.0 170.2
1 616.46 401.28 645.46 431.28
1 635.52 477.2 668.52 519.2
1 658.01 274.6 700.01 307.6
1 714.95 479.21 744.95 503.21
1 723.53 566.6 742.53 581.6
1 622.0 623.17 654.0 653.17
1 663.47 668.24 690.47 698.24
1 725.47 734.64 754.47 757.64
1 550.03 795.24 574.03 823.24
1 852.98 332.14 892.98 364.14
1 989.61 107.23 1025.61 150.23
1 919.44 60.11 940.44 76.11
1 917.05 608.15 937.05 624.15
1 469.97 251.68 485.97 272.68
1 260.99 263.74 282.99 290.74
1 65.05 39.22 95.05 63.22
1 77.0 105.67 95.0 128.67
1 235.93 537.18 251.93 557.18
1 269.5 683.6 314.5 718.6
1 192.99 520.25 214.99 542.25
1 713.01 107.62 729.01 126.62
1 787.49 138.68 814.49 159.68
1 329.49 773.75 352.49 802.75
1 326.95 861.25 348.95 887.25
1 547.93 755.18 563.93 775.18
1 -0.01 49.74 25.99 82.74
1 679.99 776.36 701.99 795.36
1 853.61 837.51 869.61 855.51
1 827.78 828.45 848.78 852.45
1 617.17 753.66 630.17 768.66
1 448.16 580.34 459.16 591.34
1 429.5 558.18 440.5 572.18
1 848.48 100.64 869.48 119.64
1 887.59 77.16 908.59 93.16
1 994.57 52.21 1017.57 76.21
