0 36.49 82.28 103.49 155.28
0 11.1 251.86 46.1 297.86
0 207.52 87.47 272.52 115.47
0 389.23 249.3 441.23 296.3
0 262.23 418.54 303.23 481.54
0 178.28 476.35 216.28 501.35
0 313.11 571.49 376.11 611.49
0 147.28 630.22 295.28 819.22
0 399.31 640.29 431.31 665.29
0 516.16 13.2 605.16 56.2
0 251.5 910.29 292.5 931.29
0 444.46 893.63 466.46 917.63
0 642.0 847.56 734.0 928.56
0 751.35 784.3 811.35 845.3
0 880.97 680.58 942.97 731.58
0 891.53 717.09 976.53 787.09
0 582.28 594.05 804.28 718.05
0 743.87 149.55 874.87 222.55
0 619.41 140.35 724.41 214.35
0 945.18 204.16 984.18 232.16
0 876.01 76.5 893.01 94.5
0 892.62 263.2 920.62 293.2
0 836.99 827.59 867.99 855.59
0 396.73 485.09 421.73 510.09
0 1000.25 137.64 1018.25 158.64
2 466.59 107.64 496.59 137.64
2 452.46 4.34 478.46 29.34
2 484.29 675.28 530.29 730.28
2 551.65 752.74 601.65 815.74
2 256.12 572.12 441.12 757.12
2 479.35 377.25 599.35 496.25
2 555.32 142.08 663.32 250.08
1 516.61 312.21 540.61 336.21
1 444.49 828.69 467.49 851.69
1 379.63 727.73 397.63 745.73
1 53.88 607.38 76.88 630.38
1 580.36 390.56 606.36 416.56
