0 443.5 611.54 536.5 720.54
0 356.48 764.55 467.48 843.55
0 139.99 825.11 231.99 965.11
0 242.48 700.62 285.48 755.62
0 647.46 189.15 698.46 261.14
0 824.02 270.1 900.02 318.1
0 749.0 336.19 785.0 454.19
0 602.5 802.13 661.5 914.13
0 575.49 363.08 652.49 405.08
0 488.01 381.71 516.01 432.71
0 703.97 687.64 755.97 782.64
0 681.48 674.69 712.48 707.69
0 803.97 501.67 839.97 568.67
0 171.0 2.05 335.0 190.05
2 315.0 292.66 355.0 327.66
2 391.5 135.7 456.5 212.7
2 186.98 222.69 220.98 251.69
2 612.54 407.61 685.54 492.61
2 689.99 782.58 779.99 887.58
2 455.53 425.19 488.53 453.19
2 925.47 322.66 998.47 383.66
2 683.52 945.23 712.52 969.23
2 862.06 663.63 875.06 675.63
2 783.92 869.22 804.92 892.22
2 604.04 634.65 643.04 681.65
2 341.99 713.65 379.99 748.65
2 458.65 354.68 483.65 377.68
2 245.49 114.2 278.49 150.2
2 749.51 87.1 792.51 129.1
2 727.04 141.09 745.04 159.09
2 544.96 215.09 562.96 233.09
2 474.03 189.06 488.03 203.06
2 507.97 84.09 525.97 102.09
1 181.0 467.26 207.0 493.26
1 162.49 275.73 193.49 306.73
1 31.5 115.69 68.5 152.69
1 188.5 749.69 221.5 782.69
1 319.49 636.69 338.49 655.69
1 282.0 675.21 302.0 695.21
1 347.51 905.71 368.51 926.71
1 411.5 903.74 440.5 932.74
1 493.5 957.73 520.5 984.73
1 504.96 891.09 522.96 909.09
1 571.02 722.25 599.02 750.25
1 635.5 749.71 664.5 778.71
1 675.99 513.23 705.99 543.23
1 647.01 311.15 689.01 353.15
1 857.5 368.71 882.5 393.71
1 795.49 356.71 820.49 381.71
1 941.5 689.71 970.5 718.71
1 783.5 601.5 832.5 650.5
1 533.49 165.69 566.49 198.69
1 493.0 510.21 517.0 534.21
1 489.02 815.2 515.02 841.2
1 726.0 940.2 760.0 974.2
1 805.49 204.68 834.49 233.68
1 757.51 -1.42 802.51 35.58
1 379.5 58.77 396.5 75.77
1 379.5 58.77 396.5 75.77
1 606.01 153.21 628.01 175.21
1 178.0 534.24 206.0 562.24
1 664.01 984.23 694.01 1014.23
1 725.5 570.77 742.5 587.77
1 755.02 589.23 785.02 619.23
1 832.5 166.5 883.5 217.5
1 280.0 903.21 300.0 923.21
