0 31.0 516.0 122.0 640.0
0 84.0 198.0 194.0 264.0
0 394.0 912.0 490.0 984.0
0 751.03 565.05 853.03 633.05
0 733.49 856.03 832.49 918.03
0 555.99 661.18 627.99 773.18
0 275.49 559.68 320.49 630.68
0 253.96 570.66 287.96 591.66
0 316.0 739.58 364.0 768.58
0 251.95 296.12 323.95 340.12
0 317.99 349.63 391.99 394.63
0 329.46 837.12 372.46 865.12
0 332.04 881.66 362.04 900.66
0 586.99 97.57 672.99 216.57
0 565.02 535.22 595.02 579.22
0 197.04 333.13 233.04 359.13
0 158.99 527.26 182.99 561.26
0 540.01 325.68 576.01 384.68
0 908.05 410.62 958.05 453.62
0 965.49 550.2 1014.49 630.2
0 925.49 753.59 1012.49 808.59
0 989.66 226.28 1025.66 287.28
0 774.5 189.74 801.5 232.74
0 834.97 261.61 870.97 320.61
0 485.47 531.71 518.47 580.71
2 373.33 242.57 409.33 263.57
2 263.39 427.18 300.39 459.18
2 422.21 5.15 460.21 31.15
2 577.21 504.24 612.21 545.24
2 707.16 394.3 726.16 407.3
2 499.89 226.68 531.89 259.68
2 149.93 875.11 201.93 921.11
2 360.98 19.24 382.98 41.24
2 499.48 704.69 532.48 737.69
2 165.0 48.21 197.0 80.21
1 961.29 825.71 986.29 850.71
1 9.0 59.21 45.0 95.21
1 9.0 59.21 45.0 95.21
1 43.5 91.73 70.5 118.73
1 66.98 164.06 120.98 218.06
1 105.5 425.73 132.5 452.73
1 239.97 235.15 257.97 253.15
1 448.51 395.71 473.51 420.71
1 297.5 493.73 324.5 520.73
1 190.52 675.72 219.52 704.72
1 111.99 660.23 141.99 690.23
1 110.5 726.65 133.5 749.65
1 45.5 825.73 72.5 852.73
1 36.5 761.75 61.5 786.75
1 30.0 740.17 50.0 760.17
1 45.0 995.21 79.0 1025.21
1 70.0 968.18 90.0 988.18
1 489.0 805.2 523.0 839.2
1 467.02 758.19 497.02 788.19
1 454.01 669.21 476.01 691.21
1 439.5 618.71 464.5 643.71
1 379.51 620.68 394.51 635.68
1 453.48 516.57 466.48 529.57
1 575.5 245.73 598.5 268.73
1 728.0 34.17 748.0 54.17
1 780.51 63.71 805.51 88.71
1 769.49 95.69 792.49 118.69
1 744.49 148.56 759.49 163.56
1 815.0 476.21 839.0 500.21
1 726.5 648.74 755.5 677.74
1 639.5 798.62 684.5 843.62
1 592.0 850.2 626.0 884.2
1 585.03 978.15 603.03 996.15
1 818.5 804.74 847.5 833.74
1 841.49 752.67 862.49 773.67
1 968.5 965.73 995.5 992.73
1 989.49 881.73 1020.49 912.73
1 835.49 338.67 872.49 375.67
1 875.5 220.73 902.5 247.73
1 816.02 205.16 834.02 223.16
1 246.0 448.24 274.0 476.24
1 386.01 521.05 432.01 567.05
1 214.98 933.23 244.98 963.23
1 231.52 986.69 268.52 1023.69
1 167.5 989.71 196.5 1018.71
1 197.5 99.64 216.5 118.64
1 182.5 155.75 207.5 180.75
1 245.5 109.6 262.5 126.6
1 881.5 474.65 904.5 497.65
1 884.49 531.69 903.49 550.69
1 587.0 458.19 615.0 486.19
1 533.5 506.71 558.5 531.71
