0 153.06 113.25 235.06 152.25
0 157.0 439.4 231.0 475.4
0 237.3 425.47 337.3 601.47
0 263.82 164.3 362.82 221.3
0 401.29 107.37 488.29 167.37
0 170.33 810.41 236.33 848.41
0 244.03 819.75 300.03 917.75
0 427.17 838.3 510.17 983.3
0 606.39 680.58 688.39 818.58
0 561.15 522.13 604.15 562.13
0 604.11 473.65 637.11 498.65
0 19.32 883.63 35.32 896.63
0 276.46 647.49 302.46 675.49
0 409.23 679.79 437.23 701.79
0 709.02 751.92 755.02 806.92
0 741.98 848.32 805.98 889.32
0 712.07 991.19 732.07 1009.19
0 882.33 520.62 908.33 546.62
0 722.22 357.21 759.22 380.21
0 874.48 139.69 905.48 188.69
0 673.28 46.38 716.28 75.38
0 759.19 145.56 786.19 173.56
0 948.91 93.33 974.91 116.33
0 926.21 387.59 948.21 411.59
0 944.3 811.56 970.3 839.56
0 201.32 399.56 229.32 423.56
2 657.0 221.06 751.0 315.06
2 813.2 351.69 896.2 448.69
2 99.28 175.37 143.28 219.37
2 113.0 889.1 159.0 935.1
1 13.98 9.59 37.98 33.59
1 10.0 624.17 30.0 644.17
1 167.39 323.33 191.39 346.33
1 240.28 106.34 257.28 123.34
1 325.49 69.47 354.49 97.47
1 482.39 476.52 500.39 494.52
1 417.36 627.6 441.36 651.6
1 632.13 636.57 653.13 658.57
1 774.12 695.24 795.12 717.24
1 807.02 768.57 829.02 790.57
1 849.99 795.33 873.99 818.33
1 923.24 701.12 958.24 735.12
1 790.3 501.38 804.3 528.38
1 780.77 269.66 801.77 290.66
1 852.15 221.69 873.15 242.69
1 972.46 191.32 995.46 214.32
1 339.36 337.6 363.36 361.6
