0 56.49 176.36 95.49 217.36
0 20.31 214.22 106.31 315.22
0 135.42 151.85 196.42 194.85
0 181.48 175.75 210.48 214.75
0 327.1 105.09 386.1 147.09
0 300.33 190.56 326.33 227.56
0 215.3 417.07 275.3 459.07
0 291.29 507.27 339.29 570.27
0 206.57 594.3 253.57 627.3
0 10.95 470.18 36.95 490.18
0 43.12 568.38 66.12 593.38
0 19.6 596.66 40.6 615.66
0 176.03 741.36 197.03 760.36
0 280.37 659.33 314.37 690.33
0 572.48 179.51 607.48 231.51
0 595.19 91.29 662.19 138.29
0 582.91 54.51 620.91 84.51
0 751.36 35.88 807.36 117.88
0 958.12 99.56 1019.12 164.56
0 933.32 272.7 965.32 315.7
0 806.06 438.22 927.06 491.22
0 837.4 630.39 881.4 720.39
0 706.18 517.44 787.18 653.44
0 653.9 751.44 693.9 779.44
0 912.63 851.61 936.63 891.61
0 730.26 778.43 763.26 799.43
0 527.91 287.53 547.91 307.53
0 477.35 383.59 497.35 403.59
0 514.11 435.65 539.11 459.65
2 136.35 247.22 178.35 289.22
2 213.48 304.36 257.48 353.36
2 256.51 863.25 288.51 890.25
2 575.32 663.12 610.32 693.12
2 325.17 298.69 380.17 353.69
1 373.45 463.36 397.45 486.36
1 45.62 675.75 63.62 693.75
1 820.8 783.65 841.8 804.65
1 978.77 623.66 999.77 644.66
1 819.09 325.35 838.09 344.35
