0 83.12 137.96 118.12 192.96
0 173.38 91.58 209.38 136.58
0 269.29 115.56 297.29 159.56
0 210.22 424.33 251.22 485.33
0 156.41 427.36 182.41 461.36
0 63.6 416.81 89.6 456.81
0 182.99 535.85 208.99 581.85
0 59.14 637.6 102.14 674.6
0 82.5 842.48 117.5 896.48
0 81.33 946.39 105.33 987.39
0 114.78 963.51 147.78 1015.51
0 291.3 616.18 338.3 684.18
0 336.31 892.88 378.31 937.88
0 480.18 222.4 529.18 272.4
0 566.38 66.63 616.38 117.63
0 639.01 8.54 669.01 38.54
0 690.34 112.64 744.34 163.64
0 599.96 165.54 667.96 237.54
0 605.28 252.67 633.28 290.67
0 730.21 224.71 780.21 280.71
0 558.5 349.91 584.5 375.91
0 793.21 284.41 816.21 313.41
0 843.73 249.38 865.73 272.38
0 870.41 232.16 889.41 252.16
0 911.99 5.49 943.99 48.49
0 990.62 32.43 1014.62 57.43
0 965.13 172.32 984.13 193.32
0 898.2 324.95 939.2 353.95
0 981.34 456.8 1017.34 492.8
0 938.55 592.1 1001.55 656.1
0 855.28 564.99 879.28 589.99
0 656.09 535.26 709.09 602.26
0 800.25 705.58 869.25 770.58
0 716.37 767.51 774.37 843.51
0 837.3 843.13 885.3 889.13
0 747.24 928.63 802.24 983.63
0 678.97 942.14 732.97 1014.14
0 397.45 944.27 437.45 973.27
0 489.3 823.38 520.3 851.38
0 877.8 920.77 908.8 952.77
0 929.08 906.22 976.08 947.22
0 906.5 799.77 925.5 832.77
0 27.31 11.66 51.31 51.66
0 16.68 499.35 39.68 518.35
0 497.35 591.82 517.35 624.82
2 180.92 610.27 254.92 628.27
2 112.41 78.48 126.41 132.48
2 685.62 64.2 695.62 103.2
2 574.42 580.21 609.42 589.21
2 713.42 510.76 721.42 541.76
2 1008.5 857.37 1023.5 916.37
2 135.49 796.96 228.49 889.96
1 941.23 823.3 953.23 835.3
1 935.99 839.56 955.99 859.56
1 897.24 266.38 916.24 284.38
1 719.24 479.74 735.24 496.74
1 735.5 500.41 748.5 513.41
1 746.42 476.21 760.42 489.21
1 796.26 443.39 818.26 466.39
1 828.6 474.77 844.6 490.77
1 858.5 461.98 873.5 476.98
1 993.98 305.45 1005.98 317.45
1 970.31 287.35 987.31 303.35
1 1001.13 341.45 1012.13 353.45
1 929.24 402.36 941.24 415.36
1 920.82 423.64 933.82 436.64
1 952.97 412.44 962.97 422.44
1 950.18 430.21 963.18 443.21
1 986.22 128.33 1004.22 146.33
1 927.5 709.6 944.5 726.6
1 636.28 531.21 654.28 549.21
1 572.39 28.55 594.39 50.55
1 539.49 93.45 556.49 109.45
1 352.38 299.23 374.38 321.23
1 116.65 349.52 132.65 365.52
1 137.09 292.64 152.09 307.64
1 133.28 431.44 149.28 447.44
1 395.62 921.17 413.62 939.17
1 196.0 58.17 216.0 78.17
