0 66.36 108.32 124.36 146.32
0 233.98 127.38 281.98 178.38
0 334.95 25.61 388.95 82.61
0 363.31 246.31 423.31 327.31
0 207.88 281.26 270.88 340.26
0 226.54 441.44 249.54 468.44
0 314.34 525.5 364.34 565.5
0 281.26 765.14 321.26 807.14
0 229.95 810.67 277.95 865.67
0 40.21 517.66 81.21 562.66
0 478.25 440.42 519.25 482.42
0 492.27 383.62 514.27 407.62
0 557.14 382.09 588.14 409.09
0 526.08 152.47 575.08 194.47
0 580.01 216.94 620.01 265.94
0 619.32 394.64 663.32 441.64
0 559.23 480.3 579.23 501.3
0 549.24 498.0 572.24 528.0
0 446.51 532.28 501.51 597.28
0 541.99 757.47 613.99 825.47
0 476.56 901.63 531.56 958.63
0 569.21 939.14 616.21 977.14
0 674.35 857.15 712.35 891.15
0 633.46 704.09 698.46 752.09
0 675.29 722.67 727.29 781.67
0 673.27 513.32 732.27 576.32
0 720.18 284.16 765.18 344.16
0 690.23 286.42 708.23 311.42
0 637.24 267.56 660.24 303.56
0 756.02 123.43 792.02 167.43
0 813.15 123.25 852.15 154.25
0 817.59 77.12 831.59 99.12
0 845.05 66.25 863.05 90.25
0 866.12 96.67 880.12 116.67
0 892.03 97.5 924.03 137.5
0 923.16 145.49 974.16 181.49
0 892.2 227.42 925.2 263.42
0 932.97 375.57 978.97 416.57
0 860.24 323.57 877.24 343.57
0 940.32 431.5 974.32 463.5
0 887.36 826.66 923.36 857.66
0 974.94 768.05 1007.94 803.05
0 962.33 836.67 988.33 863.67
0 994.03 832.72 1018.03 855.72
0 947.14 878.08 970.14 901.08
0 916.03 929.64 952.03 978.64
0 818.56 970.32 845.56 987.32
0 763.08 962.75 782.08 993.75
0 765.0 901.57 795.0 933.57
0 105.49 618.27 166.49 671.27
0 441.2 147.31 508.2 222.31
0 30.25 273.47 52.25 300.47
2 160.0 906.52 176.0 983.52
2 202.57 593.21 269.57 608.21
2 301.16 933.54 344.16 942.54
2 516.14 289.29 533.14 368.29
2 641.08 841.27 700.08 853.27
2 325.18 666.11 372.18 714.11
2 183.32 829.55 219.32 865.55
2 871.16 131.28 906.16 165.28
2 190.14 362.17 223.14 394.17
1 54.53 675.38 73.53 694.38
1 758.19 928.41 783.19 953.41
1 972.37 859.21 994.37 881.21
1 901.0 557.27 923.0 579.27
1 397.26 643.59 409.26 656.59
1 348.26 706.46 369.26 727.46
1 183.31 724.37 198.31 738.37
1 76.47 349.57 95.47 369.57
1 437.39 400.27 453.39 416.27
1 797.03 833.14 815.03 851.14
