0 318.03 406.74 377.03 516.74
0 111.0 219.32 143.0 275.32
0 10.96 731.12 55.96 759.12
0 906.99 -2.45 939.99 39.55
0 336.74 950.8 472.74 1023.8
0 116.97 73.22 155.97 130.22
0 170.62 358.67 217.62 385.67
0 226.07 -3.7 285.07 45.3
0 806.83 592.86 826.83 629.86
0 758.75 596.32 789.75 653.32
0 948.07 240.49 975.07 262.49
0 61.64 880.8 76.64 908.8
2 738.78 670.14 767.78 697.14
2 771.89 437.59 788.89 454.59
2 83.5 678.0 143.5 736.0
2 147.89 736.04 163.89 754.04
2 90.4 138.27 117.4 174.27
2 688.01 232.93 719.01 252.93
2 826.73 944.77 845.73 970.77
1 285.07 294.16 302.07 311.16
1 620.76 65.0 641.76 86.0
1 673.0 1007.25 690.0 1024.25
1 449.16 777.33 468.16 796.33
1 29.89 858.05 50.89 879.05
1 928.0 227.18 947.0 246.18
