0 363.8 364.41 418.8 398.41
0 639.57 408.88 693.57 441.88
0 785.49 640.4 866.49 730.4
0 801.16 766.24 861.16 858.24
0 811.86 876.23 886.86 945.23
0 689.53 900.33 782.53 997.33
0 484.52 873.5 535.52 917.5
0 636.02 759.4 676.02 783.4
0 710.07 789.44 783.07 833.44
0 710.0 834.55 758.0 912.55
0 890.97 775.24 940.97 818.24
0 917.34 303.22 965.34 377.22
0 804.19 37.57 885.19 86.57
0 913.01 30.26 1000.01 83.26
0 592.5 61.45 639.5 93.45
0 593.34 801.12 645.34 887.12
0 262.26 839.92 307.26 866.92
0 211.5 965.91 256.5 1004.91
0 208.94 383.12 250.94 409.12
0 587.63 453.42 633.63 481.42
0 801.32 461.58 869.32 565.58
0 541.96 651.2 597.96 690.2
0 20.52 521.34 47.52 564.34
0 266.5 687.53 305.5 735.53
0 35.41 605.63 72.41 630.63
0 678.56 499.59 754.56 568.59
0 364.35 476.15 398.35 508.15
0 754.3 263.13 799.3 325.13
0 836.48 238.58 899.48 328.58
0 682.42 702.35 732.42 780.35
0 682.34 700.15 740.34 744.15
0 889.06 681.41 975.06 733.41
0 976.24 223.42 1021.24 291.42
2 176.99 454.21 214.99 491.21
2 298.31 514.36 352.31 568.36
2 388.98 549.21 438.98 600.21
2 461.26 633.59 513.26 686.59
2 126.4 752.45 176.4 802.45
2 114.19 612.92 159.19 657.92
2 13.34 738.17 49.34 774.17
2 141.19 900.6 176.19 935.6
2 283.43 978.8 335.43 1025.8
2 460.21 752.46 501.21 794.46
2 502.29 470.54 540.29 508.54
2 510.51 302.68 569.51 361.68
2 333.01 295.05 383.01 345.05
2 554.39 174.51 616.39 236.51
2 701.37 138.31 769.37 207.31
2 598.16 2.28 643.16 47.28
2 652.73 298.94 717.73 363.94
2 738.42 418.39 800.42 479.39
2 708.14 451.07 753.14 497.07
2 491.33 19.5 535.33 63.5
2 8.83 25.63 45.83 62.63
2 18.21 -1.78 67.21 27.22
2 432.14 515.07 477.14 561.07
2 724.0 -0.6 772.0 45.4
2 669.0 638.29 703.0 671.29
2 399.4 143.24 447.4 190.24
2 66.22 453.41 107.22 493.41
2 149.15 635.45 184.15 687.45
2 453.32 908.55 497.32 974.55
2 926.31 520.47 1000.31 562.47
2 649.52 223.36 682.52 278.36
2 564.78 209.54 616.78 242.54
2 483.28 353.25 530.28 384.25
2 118.07 299.6 143.07 335.6
2 235.09 593.9 273.09 620.9
2 388.46 726.52 411.46 759.52
2 838.07 690.29 866.07 738.29
2 700.74 299.15 732.74 321.15
2 600.46 338.03 627.46 373.03
2 124.1 68.6 161.1 106.6
2 112.21 124.46 153.21 166.46
2 714.21 580.31 755.21 621.31
1 106.0 221.36 130.0 244.36
1 34.28 158.17 55.28 178.17
1 42.08 94.42 67.08 119.42
1 101.08 42.54 115.08 56.54
1 173.18 29.43 200.18 56.43
1 178.5 230.69 197.5 249.69
1 141.0 200.45 159.0 218.45
1 146.2 232.41 167.2 253.41
1 163.54 262.33 184.54 283.33
1 163.29 289.47 183.29 309.47
1 124.15 407.24 149.15 433.24
1 39.66 322.67 65.66 348.67
1 157.23 468.44 177.23 489.44
1 102.2 551.51 123.2 571.51
1 180.14 522.34 205.14 547.34
1 8.0 603.39 28.0 623.39
1 2.5 631.34 25.5 654.34
1 99.82 708.64 114.82 723.64
1 3.84 788.65 26.84 811.65
1 90.17 842.39 107.17 859.39
1 90.52 797.39 113.52 820.39
1 121.17 797.37 148.17 824.37
1 155.55 843.46 180.55 867.46
1 159.66 871.28 185.66 897.28
1 58.0 911.53 82.0 935.53
1 98.43 950.32 116.43 967.32
1 127.33 970.67 147.33 989.67
1 249.28 879.76 277.28 908.76
1 335.54 898.33 356.54 919.33
1 366.41 769.84 388.41 791.84
1 341.06 596.53 359.06 614.53
1 351.66 611.21 377.66 637.21
1 277.25 625.48 309.25 657.48
1 307.17 462.03 326.17 481.03
1 303.81 388.04 322.81 407.04
1 282.5 246.01 313.5 277.01
1 208.97 763.2 234.97 789.2
1 6.47 955.57 33.47 983.57
1 367.63 898.54 389.63 920.54
1 419.66 987.28 445.66 1013.28
1 454.28 786.17 475.28 806.17
1 219.84 174.1 242.84 197.1
1 319.38 166.25 343.38 190.25
1 305.15 36.74 332.15 63.74
1 341.04 80.49 367.04 106.49
1 346.36 64.58 368.36 86.58
1 375.36 7.47 411.36 43.47
1 499.81 100.04 518.81 119.04
1 441.14 0.64 460.14 19.64
1 660.13 78.33 681.13 99.33
1 854.19 92.41 879.19 117.41
1 627.3 187.55 651.3 211.55
1 574.32 292.57 596.32 314.57
1 443.53 239.47 472.53 267.47
1 462.24 215.46 491.24 243.46
1 381.0 225.24 411.0 255.24
1 347.5 285.71 372.5 310.71
1 541.0 506.7 571.0 536.7
1 543.62 545.17 561.62 563.17
1 608.09 526.57 629.09 548.57
1 650.37 595.73 668.37 613.73
1 689.0 537.27 711.0 559.27
1 383.36 641.47 403.36 661.47
1 266.24 666.97 287.24 687.97
1 268.18 729.5 293.18 753.5
1 419.87 737.98 434.87 752.98
1 590.37 991.19 612.37 1013.19
1 636.0 959.39 656.0 979.39
