0 505.61 736.29 571.61 830.29
0 127.34 610.64 195.34 721.64
0 144.35 713.03 210.35 791.03
0 256.51 684.42 307.51 758.42
0 114.18 900.49 195.18 950.49
0 200.89 892.6 249.89 966.6
0 300.48 891.19 363.48 985.19
0 347.33 893.13 387.33 955.13
0 650.88 612.26 747.88 701.26
0 716.68 665.17 752.68 723.17
0 825.98 714.62 853.98 760.62
0 792.84 636.46 837.84 706.46
0 839.9 471.62 903.9 524.62
0 908.28 912.6 982.28 983.6
0 156.98 479.5 227.98 523.5
0 633.09 721.22 684.09 772.22
0 773.37 917.13 833.37 1012.13
0 696.85 838.69 749.85 897.69
0 736.47 823.35 799.47 902.35
0 683.22 724.15 746.22 828.15
0 214.36 816.09 284.36 860.09
2 233.51 444.38 298.51 509.38
2 290.32 447.19 360.32 517.19
2 512.86 539.55 593.86 620.55
2 365.15 499.92 448.15 582.92
2 14.5 358.6 69.5 413.6
2 59.25 764.37 162.25 866.37
2 397.23 679.28 476.23 758.28
2 380.5 739.31 451.5 810.31
2 523.01 661.16 593.01 731.16
2 554.48 758.67 625.48 829.67
2 524.09 900.51 621.09 998.51
2 886.0 688.08 962.0 764.08
0 831.36 842.1 919.36 930.1
2 722.18 605.53 783.18 665.53
2 280.24 725.04 341.24 786.04
2 205.18 771.39 268.18 834.39
2 268.12 918.23 313.12 963.23
2 506.22 419.24 555.22 497.24
2 453.23 331.31 524.23 383.31
2 596.05 503.95 684.05 558.95
2 412.2 833.26 492.2 885.26
2 446.67 951.41 518.67 1003.41
2 703.79 770.11 738.79 825.11
2 68.19 946.23 105.19 1006.23
2 143.5 535.45 204.5 659.45
1 90.25 533.12 127.25 563.12
1 541.11 292.34 564.11 310.34
1 891.35 365.64 931.35 398.64
1 835.45 545.35 859.45 564.35
1 819.98 660.68 848.98 684.68
1 805.18 856.76 829.18 876.76
1 908.47 889.77 943.47 919.77
1 490.09 629.05 514.09 650.05
1 804.98 753.48 822.98 769.48
1 939.54 806.08 953.54 818.08
1 744.1 578.34 757.1 591.34
