0 92.17 218.51 129.17 256.51
0 149.94 259.43 181.94 279.43
0 347.37 207.77 363.37 233.77
0 411.64 288.67 445.64 323.67
0 482.22 152.53 511.22 170.53
0 526.0 304.37 570.0 341.37
0 330.43 412.27 356.43 436.27
0 351.51 413.58 384.51 445.58
0 513.22 509.3 552.22 544.3
0 545.1 636.78 572.1 671.78
0 593.48 633.38 626.48 672.38
0 696.35 757.17 714.35 782.17
0 852.13 662.39 889.13 707.39
0 848.03 300.62 892.03 359.62
0 967.3 74.29 1011.3 123.29
0 671.16 814.51 694.16 851.51
0 530.34 967.56 557.34 991.56
0 222.1 972.44 271.1 998.44
0 621.22 240.66 636.22 259.66
0 628.21 762.46 641.21 796.46
0 704.23 573.0 718.23 594.0
2 297.88 639.64 328.88 671.64
2 395.15 388.63 462.15 455.63
2 438.5 367.25 469.5 397.25
2 678.4 784.37 700.4 805.37
1 25.27 851.49 40.27 871.49
1 72.13 812.24 93.13 836.24
1 131.18 789.25 150.18 815.25
1 157.22 707.4 176.22 726.4
1 253.3 82.17 273.3 102.17
1 283.38 125.35 307.38 148.35
1 714.96 710.29 732.96 727.29
1 678.27 535.35 696.27 554.35
1 895.25 615.41 918.25 638.41
1 477.4 404.12 493.4 420.12
1 414.15 540.31 431.15 557.31
1 788.17 201.57 809.17 221.57
1 625.49 283.67 646.49 304.67
1 591.98 856.21 607.98 872.21
1 465.5 454.54 482.5 472.54
1 601.01 120.4 619.01 141.4
