0 369.94 359.18 415.94 396.18
0 228.19 251.53 281.19 282.53
0 -3.16 361.62 59.84 420.62
0 437.83 4.56 472.83 39.56
0 534.42 71.1 569.42 108.1
0 568.33 156.56 589.33 187.56
0 145.14 640.3 193.14 695.3
0 227.04 428.71 254.04 447.71
0 105.31 242.44 153.31 268.44
0 508.29 301.14 535.29 323.14
0 626.92 210.62 701.92 265.62
0 614.37 39.5 664.37 111.5
0 823.44 131.14 859.44 165.14
0 775.01 117.64 806.01 146.64
0 379.95 849.33 427.95 886.33
0 236.57 897.79 266.57 926.79
0 513.52 556.51 537.52 591.51
0 653.1 516.51 699.1 538.51
0 737.13 559.19 791.13 646.19
0 680.17 287.94 763.17 339.94
0 619.21 629.13 667.21 660.13
0 358.23 625.09 412.23 673.09
0 278.38 283.62 326.38 327.62
0 929.3 907.54 1005.3 942.54
0 879.07 645.71 941.07 720.71
0 722.4 746.71 749.4 781.71
0 936.04 364.03 982.04 408.03
0 901.27 297.73 933.27 322.73
0 988.74 258.33 1026.74 304.33
0 845.13 117.66 890.13 188.66
0 884.18 204.1 946.18 250.1
0 334.42 957.45 388.42 995.45
0 17.43 705.43 71.43 765.43
0 154.73 128.35 175.73 151.35
0 539.73 -1.09 584.73 18.91
0 117.12 671.19 140.12 712.19
0 811.29 449.15 834.29 463.15
0 493.98 382.09 538.98 422.09
0 909.11 775.54 933.11 804.54
0 756.06 167.47 780.06 189.47
0 85.47 803.0 120.47 835.0
0 917.86 886.73 935.86 909.73
0 58.35 584.77 80.35 606.77
0 178.38 867.38 224.38 896.38
0 471.63 731.24 517.63 762.24
0 999.27 431.58 1019.27 452.58
0 141.02 499.36 169.02 517.36
0 395.55 145.23 408.55 157.23
0 587.86 145.97 632.86 180.97
2 43.5 118.8 59.5 134.8
2 47.35 144.6 72.35 169.6
2 201.49 323.77 238.49 360.77
2 230.31 281.73 257.31 307.73
2 264.36 307.6 296.36 338.6
2 77.88 357.32 87.88 367.32
2 246.08 544.16 276.08 574.16
2 255.3 651.69 282.3 677.69
2 267.04 854.5 290.04 877.5
2 553.49 252.71 578.49 277.71
2 563.53 289.71 591.53 317.71
2 649.8 170.13 686.8 207.13
2 581.1 88.32 601.1 107.32
2 468.09 388.55 489.09 409.55
2 441.26 283.33 464.26 306.33
2 533.4 717.32 552.4 735.32
2 700.45 815.39 749.45 864.39
2 683.7 904.52 713.7 934.52
2 759.01 811.24 801.01 854.24
2 949.3 686.46 968.3 704.46
2 932.21 720.61 966.21 755.61
2 691.5 397.67 752.5 458.67
2 877.05 78.24 931.05 131.24
2 708.75 89.01 729.75 110.01
2 531.5 485.69 564.5 518.69
2 500.17 577.45 557.17 633.45
2 491.66 521.2 513.66 543.2
2 184.87 958.55 202.87 976.55
2 143.41 587.35 163.41 606.35
2 104.42 107.53 151.43 156.53
2 178.35 98.98 217.35 125.98
2 86.59 443.21 131.59 478.21
2 79.15 505.38 115.15 539.38
2 101.5 619.74 135.5 649.74
2 79.64 639.67 108.64 664.67
2 7.07 925.08 44.07 956.08
2 428.29 699.4 476.29 733.4
2 171.84 541.3 240.84 593.3
2 531.26 421.3 568.26 451.3
2 606.02 537.76 649.02 577.76
2 754.33 447.65 780.33 468.65
2 370.37 34.29 427.37 98.29
2 856.5 408.04 893.5 444.04
2 720.15 512.51 755.15 546.51
1 32.27 44.57 47.27 58.57
1 103.96 360.53 116.96 373.53
1 91.14 385.39 108.14 402.39
1 152.16 162.65 179.16 188.65
1 370.19 257.42 385.19 272.42
1 196.0 412.54 214.0 430.54
1 70.09 307.12 84.09 320.12
1 134.57 743.55 158.57 762.55
1 74.26 780.24 95.26 795.24
1 26.27 870.53 38.27 879.53
1 71.57 876.15 86.57 888.15
1 147.07 977.19 165.07 994.19
1 298.5 717.21 314.5 731.21
1 339.44 518.1 350.44 529.1
1 382.31 528.28 396.31 542.28
1 255.5 349.5 272.5 366.5
1 271.57 360.4 283.57 373.4
1 206.34 53.46 224.34 71.46
1 465.08 98.55 483.08 117.55
1 646.08 273.72 667.08 294.72
1 636.22 313.38 647.22 325.38
1 654.49 319.39 671.49 336.39
1 644.14 415.74 661.14 433.74
1 654.61 461.46 668.61 475.46
1 591.45 490.62 603.45 502.62
1 534.33 671.76 550.33 687.76
1 629.17 693.51 644.17 708.51
1 685.45 554.43 698.45 567.43
1 781.12 262.31 794.12 276.31
1 794.38 40.52 810.38 57.52
1 880.37 266.57 896.37 283.57
1 585.28 356.64 612.28 370.64
1 831.12 535.53 857.12 559.53
1 936.19 424.02 955.19 441.02
1 727.06 339.41 749.06 358.41
1 753.88 678.3 778.88 694.3
1 750.13 728.71 784.13 751.71
1 860.18 707.2 882.18 728.2
1 874.41 765.13 892.41 782.13
1 996.27 594.39 1013.27 612.39
1 911.9 616.62 928.9 633.62
1 840.43 607.32 859.43 626.32
1 775.5 914.59 794.5 934.59
1 913.18 954.33 928.18 969.33
1 628.08 805.75 645.08 822.75
1 600.06 732.05 614.06 747.05
1 622.61 988.41 643.61 1009.41
1 681.44 983.3 698.44 999.3
1 548.13 953.36 562.13 966.36
1 888.98 865.35 905.98 882.35
1 180.57 925.24 198.57 943.24
1 472.26 372.26 482.26 382.26
1 421.21 540.19 429.21 548.19
1 553.33 905.36 576.33 923.36
1 832.55 491.4 844.55 503.4
1 528.39 186.33 538.39 195.33
1 944.0 264.5 950.0 272.5
1 502.94 504.91 524.94 517.91
1 756.29 133.35 774.29 152.35
1 824.23 554.37 845.23 575.37
1 518.21 429.18 535.21 447.18
1 687.06 666.2 726.06 687.2
1 763.57 46.62 789.57 61.62
