0 172.19 370.49 214.19 429.49
0 94.06 549.91 145.06 596.91
0 512.5 793.41 551.5 852.41
0 374.09 940.72 453.09 992.72
0 738.28 413.1 796.28 458.1
0 657.01 423.56 701.01 491.56
0 168.1 129.06 247.1 179.06
0 880.5 923.31 937.5 1005.31
0 62.5 827.27 100.5 891.27
0 909.4 465.1 931.4 495.1
2 778.16 104.16 826.16 152.16
2 671.92 142.73 699.92 174.73
2 833.59 43.28 855.59 67.28
2 603.83 280.7 628.83 304.7
2 192.98 256.19 253.98 319.19
2 903.38 856.04 975.38 930.04
2 742.27 729.46 762.27 750.46
2 904.26 210.65 970.26 271.65
2 591.33 541.46 637.33 587.46
2 794.29 812.35 840.29 864.35
2 269.14 331.29 335.14 391.29
2 848.24 211.66 874.24 236.66
2 405.72 108.17 468.72 171.17
2 808.53 975.2 840.53 1007.2
2 224.03 855.18 255.03 885.18
2 860.02 450.25 886.02 472.25
2 255.12 185.55 305.12 235.55
1 364.27 245.27 389.27 270.27
1 410.04 244.47 438.04 272.47
1 539.08 434.74 556.08 451.74
1 95.11 119.53 107.11 130.53
1 12.29 79.33 30.29 98.33
1 136.18 458.65 157.18 479.65
1 28.91 352.98 58.91 382.98
1 314.93 192.49 332.93 211.49
1 414.35 98.43 428.35 113.43
1 361.46 769.52 374.46 785.52
1 52.44 664.14 74.44 681.14
1 53.31 681.77 76.31 699.77
1 58.26 735.2 80.26 751.2
1 0.54 821.34 22.54 838.34
1 162.22 882.54 186.22 905.54
1 342.31 970.43 357.31 983.43
1 319.24 989.67 333.24 1003.67
1 318.0 946.22 332.0 964.22
1 513.02 466.03 531.02 489.03
1 679.94 51.32 701.94 70.32
1 778.07 223.4 798.07 237.4
1 770.07 793.02 785.07 813.02
1 778.51 853.37 794.51 873.37
1 715.34 886.57 741.34 906.57
1 866.53 743.71 890.53 762.71
1 590.19 691.34 605.19 706.34
1 540.03 610.54 554.03 621.54
1 548.53 736.42 564.53 750.42
1 514.29 767.74 531.29 787.74
1 603.19 838.57 619.19 850.57
1 594.55 966.19 614.55 982.19
1 629.28 985.33 644.28 1006.33
1 445.0 879.5 458.0 897.5
1 250.45 23.44 267.45 36.44
1 369.05 640.51 401.05 682.51
1 165.34 303.17 179.34 321.17
1 914.2 27.45 953.2 56.45
1 983.37 79.14 999.37 96.14
1 710.46 156.69 736.46 178.69
1 877.65 497.59 895.65 519.59
1 482.46 766.52 504.46 786.52
1 567.24 658.46 593.24 688.46
1 960.98 593.66 984.98 622.66
1 988.82 819.32 1007.82 842.32
1 535.25 79.74 554.25 94.74
1 689.38 352.6 702.38 369.6
1 356.25 690.59 374.25 709.59
1 255.03 813.59 264.03 823.59
1 670.62 837.34 721.62 858.34
