0 65.27 154.43 109.27 192.43
0 442.74 380.28 475.74 425.28
0 421.3 139.51 449.3 178.51
0 262.07 426.68 314.07 462.68
0 294.35 575.43 336.35 611.43
0 180.4 715.55 218.4 759.55
0 635.17 830.46 670.17 876.46
0 704.34 570.58 726.34 604.58
0 948.9 70.44 1006.9 124.44
0 874.09 93.59 939.09 130.59
0 795.6 203.37 816.6 230.37
0 566.16 257.3 587.16 291.3
0 370.56 858.71 397.56 889.71
0 167.49 800.32 200.49 841.32
0 180.18 640.51 209.18 678.51
0 338.21 351.58 371.21 399.58
0 331.35 319.44 359.35 346.44
0 329.62 293.34 367.62 321.34
0 26.42 485.84 52.42 519.84
0 68.19 995.75 119.19 1025.75
0 244.08 382.72 269.08 409.72
0 708.94 238.41 726.94 263.41
0 512.97 805.12 554.97 835.12
0 918.01 426.41 998.01 488.41
0 783.03 157.69 813.03 198.69
0 867.12 234.43 946.12 284.43
0 770.52 246.34 801.52 291.34
2 63.45 748.29 164.45 833.29
2 356.13 449.63 441.13 522.63
2 300.92 482.18 349.92 523.18
2 467.83 968.27 510.83 1005.27
2 825.35 466.22 873.35 507.22
2 862.21 885.11 903.21 919.11
2 570.47 221.28 593.47 240.28
0 113.4 16.27 185.4 77.27
2 80.0 242.41 124.0 280.41
2 385.14 796.56 436.14 839.56
2 545.12 502.74 576.12 529.74
2 669.26 809.27 701.26 836.27
2 854.33 355.79 880.33 377.79
2 114.38 622.3 144.38 647.3
2 510.76 577.48 556.76 625.48
2 467.51 476.36 499.51 505.36
2 652.48 637.13 676.48 663.13
2 860.78 526.14 892.78 558.14
2 875.18 428.65 899.18 451.65
2 1001.56 504.0 1024.56 526.0
2 152.86 178.52 170.86 196.52
2 343.36 127.14 364.36 145.14
2 118.86 467.41 148.86 494.41
2 754.47 768.71 776.47 795.71
1 477.05 682.23 496.05 699.23
1 455.37 540.14 471.37 556.14
1 461.04 573.7 479.04 590.7
1 456.01 591.34 472.01 606.34
1 566.31 612.52 580.31 626.52
1 639.4 664.99 656.4 681.99
1 638.38 591.17 656.38 609.17
1 452.89 199.15 470.89 217.15
1 595.16 61.3 610.16 76.3
1 562.19 15.61 579.19 32.61
1 704.1 54.53 721.1 72.53
1 816.89 147.15 834.89 165.15
1 865.26 169.48 877.26 181.48
1 838.51 117.12 853.51 131.12
1 840.39 225.12 858.39 243.12
1 880.5 220.62 895.5 235.62
1 881.33 333.39 897.33 348.39
1 947.17 340.62 962.17 355.62
1 896.02 366.18 912.02 382.18
1 890.29 401.29 904.29 416.29
1 829.47 527.61 842.47 540.61
1 765.19 454.43 780.19 468.43
1 505.75 266.49 524.75 284.49
1 762.79 725.5 779.79 741.5
1 769.38 616.17 781.38 628.17
1 800.97 633.3 814.97 648.3
1 774.51 561.12 789.51 575.12
1 984.46 526.39 1003.46 544.39
1 981.27 869.41 1000.27 888.41
1 916.28 696.42 934.28 714.42
1 926.44 942.49 944.44 960.49
1 854.1 972.71 871.1 988.71
1 552.35 952.81 578.35 976.81
1 492.45 885.38 519.45 912.38
1 660.2 948.44 685.2 973.44
1 937.49 219.47 958.49 239.47
1 978.37 242.34 1000.37 263.34
1 983.09 173.47 998.09 189.47
1 686.38 203.17 704.38 221.17
1 676.01 15.34 692.01 30.34
1 474.37 325.62 492.37 342.62
1 310.2 320.4 323.2 333.4
1 291.33 393.4 303.33 405.4
1 80.46 12.14 95.46 28.14
1 56.15 23.07 77.15 44.07
1 338.09 544.34 351.09 557.34
1 222.34 701.6 236.34 714.6
1 354.29 849.29 368.29 864.29
1 796.52 803.36 819.52 826.36
1 841.02 644.46 855.02 658.46
1 408.22 299.58 421.22 312.58
1 485.92 360.7 504.92 379.7
1 108.39 904.45 122.39 918.45
1 446.74 1008.85 467.74 1024.85
1 943.9 295.25 955.9 306.25
1 923.06 272.61 938.06 287.61
1 869.08 203.45 884.08 219.45
1 187.33 910.58 203.33 925.58
1 258.25 14.27 279.25 31.27
1 656.42 61.22 671.42 75.22
1 842.46 688.65 861.46 707.65
1 598.47 877.33 613.47 892.33
