0 387.0 435.54 595.0 596.54
0 286.36 239.63 340.36 288.63
0 402.37 718.27 502.37 793.27
0 812.18 49.3 891.18 124.3
0 528.25 108.38 574.25 131.38
2 217.29 810.56 265.29 858.56
2 282.16 881.16 378.16 910.16
2 874.29 694.51 901.29 822.51
2 679.47 663.19 725.47 709.19
2 624.3 893.31 666.3 935.31
2 189.4 396.07 237.4 443.07
1 282.06 49.37 325.06 76.37
1 204.29 125.66 238.29 153.66
1 237.64 290.51 253.64 306.51
1 142.02 571.71 173.02 605.71
1 287.02 736.71 316.02 774.71
1 167.57 679.66 192.57 699.66
1 236.52 594.72 262.52 619.72
1 507.03 655.65 535.03 683.65
1 511.15 911.58 558.15 953.58
1 644.52 854.72 665.52 882.72
1 640.33 1005.5 660.33 1025.5
1 552.44 743.69 575.44 764.69
1 716.98 725.63 754.98 757.63
1 781.99 878.7 809.99 901.7
1 900.0 342.06 946.0 390.06
1 916.31 897.09 945.31 927.09
1 973.22 639.71 996.22 671.71
1 905.91 617.4 934.91 636.4
1 845.2 620.55 859.2 649.55
1 769.53 539.44 814.53 580.44
1 818.3 469.64 837.3 489.64
1 702.04 449.5 723.04 471.5
1 934.2 260.55 960.2 286.55
1 953.37 100.2 1001.37 138.2
1 921.14 31.74 957.14 67.74
1 672.38 51.43 702.38 75.43
1 614.22 37.24 645.22 67.24
1 497.36 165.32 531.36 198.32
1 651.49 200.66 684.49 233.66
1 406.16 253.09 433.16 280.09
1 444.65 215.22 464.65 235.22
1 421.92 121.06 435.92 138.06
1 35.43 216.07 60.43 241.07
1 59.47 802.33 96.47 838.33
1 57.19 923.82 81.19 946.82
1 742.6 959.32 765.6 986.32
1 910.18 203.44 929.18 232.44
