0 397.09 579.02 485.09 657.02
0 229.53 289.09 306.53 373.09
0 483.54 404.07 536.54 448.07
0 707.03 45.55 817.03 124.55
0 806.58 596.24 870.58 675.24
0 411.21 852.38 462.21 897.38
0 824.95 504.37 904.95 570.37
0 250.56 813.39 289.56 857.39
0 241.54 255.64 285.54 286.64
0 516.0 682.54 704.0 845.54
0 685.99 398.65 721.99 444.65
2 255.49 538.59 310.49 593.59
2 449.5 186.63 488.5 225.63
2 748.5 333.65 815.5 400.65
2 853.01 294.1 895.01 336.1
2 872.01 343.2 906.01 377.2
2 655.96 516.04 757.96 544.04
2 135.48 444.59 182.48 475.59
2 324.05 306.02 422.05 336.02
2 845.5 833.65 898.5 886.65
1 77.06 310.02 108.06 332.02
1 111.23 39.6 136.24 53.6
1 162.07 66.14 185.07 92.14
1 244.01 425.3 275.01 446.3
1 142.6 518.57 159.6 531.57
1 419.13 422.72 449.13 457.72
1 812.21 307.5 829.21 336.5
1 975.07 391.34 994.07 422.34
1 929.3 597.59 961.3 629.59
1 903.17 733.62 946.17 766.62
1 742.22 866.13 766.22 884.13
1 730.23 902.35 771.23 929.35
1 456.2 979.51 493.2 1003.51
1 287.19 911.37 306.19 926.37
1 60.45 974.18 88.45 994.18
1 29.19 898.68 48.19 919.68
1 454.28 683.4 472.28 701.4
