0 375.07 370.06 489.07 460.06
0 320.89 613.52 426.89 678.52
0 466.53 726.06 589.53 842.06
0 412.0 142.55 550.0 261.55
0 -1.09 651.77 91.91 764.77
0 43.36 348.59 135.36 416.59
0 347.93 459.6 406.93 499.6
0 89.58 513.59 153.58 555.59
2 107.81 221.61 146.81 260.61
2 795.5 613.68 858.5 676.68
2 599.5 863.5 650.5 914.5
1 223.29 113.63 263.29 153.63
1 301.96 244.47 318.96 266.47
1 230.25 384.45 249.25 406.45
1 496.55 598.42 517.55 648.42
1 517.26 500.25 551.26 533.25
1 737.35 457.44 755.35 477.44
1 914.02 103.41 947.02 131.41
1 741.19 40.39 760.19 55.39
1 209.23 941.38 234.23 963.38
1 824.15 810.18 859.15 838.18
1 349.48 835.36 372.48 861.36
1 473.48 561.32 487.48 578.32
1 456.24 600.34 471.24 615.34
1 478.48 25.73 504.48 53.73
1 514.22 103.64 537.22 123.64
1 834.28 335.33 872.28 374.33
1 977.83 155.56 1005.83 183.56
1 713.31 778.6 741.31 806.6
1 671.93 632.23 693.93 656.23
1 301.52 427.49 325.52 453.49
1 237.69 558.8 259.69 574.8
1 61.26 552.47 103.26 596.47
1 227.79 588.41 262.79 617.41
1 426.31 915.27 450.31 935.27
1 931.31 463.25 953.31 489.25
1 572.28 823.3 608.28 853.3
1 136.21 568.42 154.21 585.42
