0 104.97 196.03 174.97 279.03
0 187.5 339.52 249.5 391.52
0 390.2 365.54 443.2 406.54
0 524.05 237.95 577.05 296.95
0 599.47 262.15 672.47 346.15
0 623.0 302.36 689.0 379.36
0 560.82 522.72 649.82 614.72
0 501.34 474.79 541.34 506.79
0 527.37 457.36 567.37 488.36
0 450.08 629.46 483.08 660.46
0 416.43 672.29 458.43 709.29
0 321.67 574.14 363.67 622.14
0 540.31 724.59 578.31 770.59
0 684.32 849.35 726.32 896.35
0 836.92 294.7 854.92 314.7
0 409.98 15.95 445.98 58.95
0 178.95 490.71 208.95 517.71
0 117.37 600.23 141.37 628.23
0 389.54 517.57 414.54 549.57
0 484.17 770.39 513.16 807.39
0 195.55 547.54 212.55 567.54
0 344.2 758.94 369.2 779.94
0 256.94 681.58 282.94 705.58
0 50.03 2.54 82.03 28.54
0 774.0 222.39 802.0 255.39
0 443.9 375.55 475.9 403.55
0 464.35 398.57 486.35 420.57
0 6.15 730.17 203.15 911.17
0 668.25 454.6 681.25 476.6
2 667.04 138.25 741.04 211.25
2 236.93 565.36 270.93 600.36
2 391.88 440.1 426.88 475.1
2 164.09 146.92 297.09 279.92
2 270.22 23.76 303.22 56.76
2 453.95 141.61 481.95 169.61
1 856.35 256.58 874.35 278.58
1 819.21 119.45 838.21 142.45
1 901.24 10.49 921.24 39.49
1 952.07 42.15 968.07 62.15
1 697.88 92.37 720.88 117.37
1 673.03 26.0 699.03 53.0
1 550.54 12.23 577.54 36.23
1 428.27 178.42 446.27 196.42
1 424.85 258.33 445.85 275.33
1 99.74 130.52 118.74 148.52
1 332.06 449.58 348.06 465.58
1 226.37 535.69 240.37 549.69
1 269.27 566.23 285.27 586.23
1 120.24 417.25 137.24 432.25
1 578.94 642.57 600.94 664.57
1 251.14 953.86 275.14 979.86
1 359.25 827.48 374.25 843.48
