0 517.34 574.1 635.34 696.1
0 781.16 49.29 858.16 136.29
0 542.32 155.28 623.32 210.28
0 390.43 -2.84 469.43 92.16
0 308.21 864.4 352.21 902.4
0 709.32 643.08 765.32 677.08
0 833.31 378.6 866.31 437.6
0 820.31 263.48 858.31 319.48
2 385.35 327.94 509.35 470.94
2 531.02 461.09 581.02 512.09
2 486.35 844.62 531.35 890.62
2 77.37 335.37 249.37 509.37
2 411.25 665.69 443.25 788.69
2 901.84 338.56 979.84 361.56
1 743.39 138.68 777.39 167.68
1 715.52 176.27 746.52 221.27
1 803.27 197.53 842.27 265.53
1 920.36 111.55 942.36 145.55
1 925.82 162.6 960.82 201.6
1 427.24 158.06 471.24 186.06
1 244.48 258.2 275.48 308.2
1 199.48 332.16 225.48 352.16
1 53.52 187.03 82.52 222.03
1 323.33 18.67 358.33 54.67
1 88.21 28.7 116.21 51.7
1 465.03 26.38 494.03 53.38
1 681.13 2.36 707.13 30.36
1 924.96 548.66 947.96 569.66
1 455.47 621.23 488.47 649.23
1 365.14 486.1 388.14 511.1
1 810.97 898.14 875.97 952.14
1 934.99 859.65 970.99 893.65
1 936.16 993.21 973.16 1025.2
1 764.51 526.69 783.51 551.69
1 688.48 869.62 711.48 888.62
1 606.98 776.71 635.98 806.71
1 61.53 961.7 84.53 983.7
1 89.96 879.72 117.96 908.72
1 391.98 926.7 417.98 950.7
1 451.48 371.72 480.48 409.72
1 297.54 499.63 342.54 548.63
