0 280.0 99.1 402.0 217.1
0 153.5 344.55 258.5 451.55
0 393.52 732.6 476.52 843.6
0 540.9 895.04 630.9 953.04
0 787.98 788.65 853.98 875.65
0 915.0 592.57 987.0 653.57
0 791.95 446.16 871.95 538.16
0 937.61 342.12 1028.61 463.12
0 742.52 738.33 788.52 781.33
0 54.33 866.46 94.33 916.46
0 894.93 218.32 967.93 312.32
2 291.01 442.17 359.01 510.17
2 927.25 853.35 950.25 884.35
1 747.21 883.99 777.21 906.99
1 722.54 919.57 753.54 963.57
1 689.31 746.49 711.31 770.49
1 325.34 764.46 356.34 790.46
1 92.48 775.42 120.48 792.42
1 43.29 531.29 80.29 552.29
1 131.07 541.44 152.07 558.44
1 365.54 403.15 391.54 419.15
1 60.36 926.4 86.36 969.4
1 474.28 776.37 494.28 789.37
1 691.51 505.81 711.51 531.81
1 987.05 383.59 1006.05 402.59
1 524.13 372.23 554.13 402.23
1 549.06 656.31 590.06 698.31
1 441.5 899.28 466.5 933.28
1 539.28 964.14 553.28 975.14
1 248.07 626.22 264.07 645.22
1 259.28 638.6 281.28 655.6
1 96.84 660.99 115.84 674.99
1 92.5 647.0 105.5 663.0
