0 265.21 11.18 376.21 134.18
0 267.86 199.15 446.86 382.15
0 438.3 246.03 648.3 418.03
0 515.97 61.25 587.97 124.25
0 467.52 21.37 496.52 60.37
0 366.2 750.73 531.2 922.73
0 279.08 657.68 341.08 714.68
0 172.21 697.33 249.21 792.33
0 125.77 568.75 160.77 600.75
0 328.46 449.26 351.46 475.26
0 494.2 350.26 523.2 382.26
0 504.64 484.65 536.64 519.65
0 639.21 903.89 694.21 958.89
0 772.1 834.29 921.1 975.29
0 614.3 353.24 712.3 476.24
0 770.35 718.83 796.35 753.83
0 778.18 694.74 807.18 730.74
0 946.86 775.28 971.86 805.28
0 831.24 487.15 858.24 509.15
0 756.96 619.62 778.96 651.62
0 757.47 315.57 778.47 343.57
0 217.52 882.46 242.52 907.46
0 161.6 946.54 187.6 968.54
2 10.57 849.49 45.57 885.49
2 478.39 145.8 540.39 207.8
2 297.29 134.06 477.29 314.06
2 776.46 319.29 819.46 362.29
2 561.01 701.14 627.01 767.14
2 191.02 800.22 237.02 845.22
2 952.16 372.17 989.16 408.17
2 69.14 298.91 112.14 319.91
2 191.5 416.27 216.5 468.27
2 350.17 494.56 399.17 517.56
1 114.49 96.7 145.49 127.7
1 605.17 590.68 632.17 617.68
1 696.0 557.52 720.0 581.52
1 387.65 367.79 413.65 393.79
1 862.13 362.37 887.13 387.37
1 964.49 155.45 991.49 182.45
1 798.15 566.22 819.15 586.22
1 797.27 635.55 821.27 659.55
1 977.48 642.64 1006.48 672.64
1 914.49 674.6 933.49 693.6
1 835.5 705.59 856.5 726.59
1 653.51 844.4 686.51 877.4
1 669.19 703.48 693.19 727.48
1 297.23 773.68 321.23 798.68
1 330.31 898.75 352.31 921.75
1 422.51 948.7 445.51 971.7
1 249.3 807.51 269.3 827.51
1 122.43 658.58 144.43 680.58
1 67.99 750.21 87.99 770.21
1 50.17 737.56 71.17 757.56
1 421.24 688.52 448.24 714.52
1 439.0 666.54 461.0 688.54
1 656.49 640.69 679.49 663.69
1 725.16 795.46 745.16 815.46
1 546.0 544.1 562.0 560.1
1 386.21 513.34 407.21 540.34
