0 376.0 113.55 486.0 202.55
0 70.52 58.09 133.52 124.09
0 732.77 547.48 777.77 603.48
0 957.29 874.36 1001.29 909.36
0 950.86 688.23 1013.86 739.23
0 94.18 256.32 141.18 296.32
0 965.17 460.94 1027.17 552.94
0 819.38 821.23 889.38 902.23
0 357.45 536.16 420.45 591.16
2 781.29 155.52 855.29 229.52
2 607.0 282.81 631.0 323.81
2 328.47 338.71 353.47 417.71
2 920.24 470.02 942.24 564.02
2 845.84 507.62 884.84 546.62
2 316.37 258.15 355.37 296.15
2 410.48 270.24 441.48 301.24
2 985.13 220.42 1025.13 262.42
1 201.02 125.51 230.02 167.51
1 276.29 155.54 306.29 185.54
1 86.36 147.28 114.36 176.28
1 176.62 335.32 224.62 381.32
1 137.81 414.02 162.81 439.02
1 41.33 730.5 59.33 748.5
1 127.18 722.37 140.18 735.37
1 207.46 905.49 238.46 929.49
1 301.23 694.65 316.23 715.65
1 584.3 630.54 606.3 652.54
1 516.15 589.32 533.15 606.32
1 652.77 690.2 683.77 721.2
1 673.54 828.67 699.54 847.67
1 762.03 851.73 779.03 870.73
1 925.26 805.46 959.26 844.46
1 822.01 611.53 843.01 634.53
1 960.43 583.64 979.43 601.64
1 788.25 418.19 824.25 454.19
1 939.32 270.58 967.32 310.58
1 574.34 169.36 602.34 206.36
1 450.17 370.23 464.17 380.23
1 284.14 817.61 327.14 855.61
1 422.06 893.51 438.06 911.51
1 501.44 940.68 532.44 965.68
1 566.31 429.42 606.31 471.42
1 473.23 235.39 506.23 276.39
1 443.02 987.72 470.02 1012.72
1 455.49 821.66 468.49 838.66
1 618.03 809.27 647.03 840.27
1 656.92 980.47 680.92 1000.47
1 914.25 980.6 928.25 998.6
