0 851.47 528.06 996.47 588.06
0 840.97 901.16 926.97 987.16
0 884.49 1155.62 955.49 1232.62
0 1274.98 565.05 1400.98 651.05
0 1502.96 399.02 1652.96 501.02
0 1733.54 317.57 1834.54 426.57
0 1810.54 503.07 1925.54 641.07
0 1895.47 439.05 2052.47 556.05
0 404.5 630.09 487.5 742.09
0 481.57 189.06 578.57 263.06
0 775.49 37.11 860.49 95.11
0 1461.0 192.7 1535.0 279.7
0 757.05 645.06 859.05 755.06
2 99.01 1215.56 189.01 1304.56
2 452.99 1785.56 566.99 1898.56
2 702.02 1780.56 802.02 1879.56
2 736.51 1596.06 851.51 1712.06
2 814.0 1014.55 918.0 1117.55
2 1066.02 483.07 1222.02 637.07
2 1687.54 1336.59 1816.54 1467.59
2 1556.01 1635.56 1664.01 1744.56
2 1927.49 1379.08 2016.49 1469.08
2 660.51 998.09 751.51 1090.09
2 1489.46 1342.64 1538.46 1409.64
2 1274.16 1389.55 1350.16 1446.55
2 1255.53 1331.69 1288.53 1388.69
2 1195.98 1174.62 1251.98 1253.62
2 1541.01 1027.62 1595.01 1124.62
2 1649.52 713.07 1770.52 803.07
2 943.53 857.58 1028.53 902.58
2 1043.48 370.15 1128.48 494.15
2 583.02 680.05 673.02 732.05
2 634.55 387.55 717.55 444.55
2 67.06 751.6 141.06 800.6
2 121.03 223.69 171.03 320.69
2 -5.09 521.34 106.91 597.34
2 619.44 275.55 740.44 336.55
2 800.04 244.61 884.04 287.61
2 604.51 1145.66 679.51 1238.66
2 1426.11 1208.56 1514.11 1275.56
2 1348.01 275.2 1420.01 397.2
2 1494.58 788.05 1573.58 844.05
1 1997.4 1182.66 2049.4 1272.66
1 491.49 1383.62 568.49 1460.62
1 287.01 1245.12 377.01 1335.12
1 410.5 1136.63 453.5 1179.63
1 490.51 1190.54 541.51 1241.54
1 471.5 975.62 524.5 1028.62
1 330.99 953.16 404.99 1027.16
1 349.51 841.59 406.51 898.59
1 115.99 924.14 175.99 984.14
1 178.99 1121.08 220.99 1163.08
1 207.0 1411.2 241.0 1445.2
1 331.52 1707.64 380.52 1756.64
1 298.49 1566.54 349.49 1617.54
1 361.49 1611.74 394.49 1644.74
1 391.0 1559.16 429.0 1597.16
1 590.0 1578.17 630.0 1618.17
1 643.5 1913.58 688.5 1958.58
1 672.5 1992.6 719.5 2039.6
1 350.49 1908.58 405.49 1963.58
1 70.0 1806.04 122.0 1858.04
1 127.49 1627.62 180.49 1680.62
1 30.01 1440.16 90.01 1500.16
1 59.5 1917.69 92.5 1950.69
1 17.5 1987.5 66.5 2036.5
1 1.5 1865.71 30.5 1894.71
1 851.49 1379.56 896.49 1424.56
1 915.5 1553.69 952.5 1590.69
1 1005.51 1265.59 1062.51 1322.59
1 1130.51 1436.68 1165.51 1471.68
1 1093.51 1651.74 1126.51 1684.74
1 1080.0 1764.09 1136.0 1820.09
1 975.52 1863.67 1012.52 1900.67
1 859.49 1907.69 892.49 1940.69
1 971.02 1917.24 993.02 1939.24
1 1241.0 1875.14 1295.0 1929.14
1 1255.5 1713.69 1292.5 1750.69
1 1229.98 1542.19 1293.98 1606.19
1 1319.0 1603.16 1357.0 1641.16
1 1378.99 1491.1 1424.99 1537.1
1 1496.51 1816.68 1531.51 1851.68
1 1413.0 1907.26 1439.0 1933.26
1 1479.52 1655.64 1528.52 1704.64
1 1588.5 1820.6 1635.5 1867.6
1 1800.5 1938.5 1851.5 1989.5
1 1675.5 1711.68 1736.5 1772.68
1 1843.01 2014.56 1885.01 2049.56
1 1824.0 1630.18 1892.0 1698.18
1 1803.52 1407.67 1840.52 1444.67
1 1913.49 1479.52 1962.49 1528.52
1 1793.5 1211.69 1830.5 1248.69
1 1836.51 1094.66 1907.51 1165.66
1 1684.0 1116.19 1748.0 1180.19
1 1606.51 1112.65 1669.51 1175.65
1 1635.5 1057.69 1672.5 1094.69
1 1387.99 1102.17 1447.99 1162.17
1 1283.5 991.57 1368.5 1076.57
1 1178.01 806.09 1234.01 862.09
1 1261.51 833.66 1330.51 902.66
1 1463.5 711.63 1528.5 776.63
1 1432.49 644.68 1467.49 679.68
1 1550.97 558.55 1636.97 613.55
1 1510.5 322.53 1605.5 417.53
1 1970.98 341.23 2000.98 371.23
1 1567.49 139.71 1588.49 160.71
1 1123.0 247.14 1197.0 321.14
1 1144.5 346.56 1247.5 449.56
1 938.49 776.58 993.49 831.58
1 594.5 946.52 677.5 1029.52
1 199.0 751.16 273.0 825.16
1 175.5 429.64 244.5 498.64
1 260.02 335.55 412.02 432.55
1 177.5 555.1 270.5 689.1
1 660.32 514.31 711.32 566.31
1 731.47 725.14 792.47 779.14
1 770.99 1536.13 848.99 1624.13
1 400.0 1992.06 479.0 2051.06
1 224.63 2028.65 258.63 2049.65
1 892.94 2009.77 942.94 2050.77
1 2024.96 774.08 2049.96 815.08
1 1808.01 861.1 1912.01 967.1
1 1619.03 817.55 1709.03 898.55
1 1996.16 1849.27 2050.16 1914.27
1 647.48 1262.12 684.48 1294.12
1 1360.5 1246.64 1427.5 1321.64
