0 25.34 275.52 93.34 379.52
0 141.51 582.55 186.51 684.55
0 80.83 253.06 173.83 463.06
0 385.4 570.62 433.4 677.62
0 538.5 650.6 581.5 744.6
0 609.99 667.55 745.99 760.55
0 654.07 522.54 702.07 584.54
0 855.48 460.82 940.48 517.83
0 952.32 429.31 986.32 460.31
0 816.26 645.12 858.26 679.12
0 448.94 885.48 530.94 941.48
0 230.12 807.47 267.12 863.47
0 362.19 296.95 415.19 333.95
0 210.47 234.59 237.47 272.59
0 103.38 166.48 191.38 228.48
0 491.42 126.83 516.42 150.83
0 140.9 961.68 194.9 999.68
0 875.6 827.16 901.6 845.16
0 798.44 951.83 821.44 977.83
0 721.08 765.71 743.08 786.71
2 633.54 867.35 694.54 930.35
2 379.29 883.56 407.29 907.56
2 397.59 991.88 421.59 1014.88
2 201.37 50.51 281.37 139.51
2 860.35 188.81 911.35 244.81
2 108.28 853.4 157.28 901.4
1 356.95 674.62 382.95 700.62
1 563.13 759.25 586.13 781.25
1 633.13 433.3 652.13 452.3
1 786.42 731.17 800.42 745.17
1 390.11 18.33 411.11 39.33
1 270.19 99.7 291.19 120.7
1 78.4 537.22 100.4 559.22
