0 65.54 908.52 194.54 975.52
0 167.52 800.16 220.52 904.16
0 181.97 950.52 301.97 1011.52
0 554.0 636.62 630.0 735.62
0 550.02 595.68 602.02 668.68
0 416.01 46.03 514.01 116.03
0 765.46 -1.15 852.46 56.85
0 798.95 171.12 850.95 231.12
0 792.0 792.19 842.0 862.19
0 937.52 955.65 986.52 1024.65
0 486.05 742.17 526.05 776.17
0 617.52 281.65 668.52 352.65
0 315.06 711.12 357.06 751.12
2 194.02 391.1 244.02 441.1
2 724.5 673.59 775.5 724.59
2 585.5 900.54 632.5 947.54
2 515.5 885.62 554.5 924.62
2 314.52 923.67 351.52 960.67
2 353.5 2.64 392.5 41.64
2 158.5 178.69 195.5 215.69
2 -2.64 956.92 61.36 1026.92
2 673.51 946.62 748.51 1021.62
2 176.47 650.11 241.47 702.11
2 198.43 543.61 241.43 580.61
2 377.51 387.21 394.51 401.21
2 179.95 8.13 225.95 50.13
2 954.59 225.12 1023.59 297.12
2 412.03 963.15 442.03 997.15
2 150.86 458.56 244.86 539.56
2 67.73 125.56 114.73 166.56
2 933.3 149.6 964.3 176.6
1 478.5 592.69 501.5 615.69
1 327.54 774.73 358.54 803.73
1 435.54 756.15 454.54 774.15
1 139.0 409.7 161.0 430.7
1 257.49 297.7 288.49 326.7
1 261.45 125.7 290.45 152.7
1 235.0 67.71 267.0 98.71
1 88.0 98.72 120.0 129.72
1 605.53 113.16 626.53 133.16
1 716.02 172.73 744.02 201.73
1 699.47 586.73 730.47 615.73
1 649.51 627.21 674.51 651.21
1 705.51 673.25 736.51 703.25
1 689.03 746.72 719.03 775.72
1 641.51 827.7 672.51 856.7
1 691.5 834.67 728.5 869.67
1 825.48 491.69 858.48 522.69
1 892.0 454.7 922.0 485.7
1 942.5 469.72 973.5 498.72
1 655.5 469.67 680.5 492.67
1 501.02 454.68 537.02 489.68
1 435.49 288.22 456.49 310.22
1 375.49 322.66 392.49 339.66
1 281.01 363.28 305.01 387.28
1 177.02 256.68 201.02 279.68
1 72.5 311.6 121.5 362.6
1 86.01 590.24 114.01 618.24
1 52.49 738.2 75.5 760.2
1 314.46 584.57 331.46 601.57
1 292.96 833.1 334.96 877.1
1 539.97 517.68 561.97 540.68
1 614.49 560.19 651.49 598.19
