0 174.42 195.31 208.42 214.31
0 426.44 595.55 525.44 648.55
0 451.34 879.36 551.34 1019.36
0 658.32 647.43 716.32 730.43
0 872.53 912.57 947.53 959.57
0 759.1 946.26 785.1 974.26
0 900.18 87.47 969.18 195.47
0 926.26 48.38 960.26 89.38
0 777.25 196.28 832.25 253.28
0 912.4 439.64 943.4 460.64
0 889.07 462.7 919.07 489.7
0 880.93 341.62 910.93 362.62
0 922.5 539.74 937.5 564.74
0 262.49 741.51 293.49 773.51
0 648.31 618.28 666.31 646.28
0 471.46 36.71 495.46 59.71
0 397.38 129.43 417.38 153.43
2 104.35 293.44 162.35 353.44
2 476.25 418.29 525.25 482.29
2 682.07 343.66 704.07 364.66
2 588.68 188.43 686.68 279.43
2 672.37 988.51 710.37 1022.51
1 55.5 257.58 76.5 278.58
1 221.06 474.53 239.06 492.53
1 383.33 755.63 407.33 779.63
1 851.0 303.23 873.0 325.23
1 257.37 972.96 273.37 997.96
