0 389.49 400.12 496.49 568.12
0 168.99 443.67 210.99 508.67
0 140.51 551.6 217.51 672.6
0 24.04 54.58 88.04 95.58
0 339.97 205.65 375.97 262.65
0 607.5 63.72 656.5 140.72
0 620.53 412.14 697.53 534.14
0 853.5 711.68 910.5 800.68
0 743.97 427.03 957.97 563.03
0 876.97 839.07 990.97 915.07
0 275.99 705.15 313.99 759.15
0 101.5 550.2 132.5 660.2
0 500.5 826.01 709.5 1006.01
0 37.02 768.08 81.02 820.08
0 509.51 395.55 564.51 450.55
0 770.56 592.62 815.56 627.62
0 713.47 478.09 762.47 520.09
0 157.04 949.01 290.04 1028.01
0 235.52 420.55 350.52 469.55
0 722.99 210.26 740.99 254.26
2 307.48 317.64 356.48 366.64
2 698.0 778.24 734.0 814.24
2 321.0 714.17 361.0 754.17
2 478.82 247.64 504.82 274.64
2 108.08 210.63 140.08 243.63
1 758.48 645.12 801.48 681.12
1 132.02 335.23 162.02 365.23
1 190.49 411.66 213.49 434.66
1 121.0 510.21 141.0 530.21
1 131.5 832.7 166.5 867.7
1 136.5 782.59 193.5 839.59
1 222.0 714.18 242.0 734.18
1 242.98 881.24 264.98 903.24
1 407.5 783.71 432.5 808.71
1 456.49 726.56 471.49 741.56
1 437.5 697.6 454.5 714.6
1 483.52 746.72 512.52 775.72
1 483.02 825.22 511.02 853.22
1 462.03 887.15 480.03 905.15
1 659.03 587.22 691.03 619.22
1 899.02 381.24 921.02 403.24
1 969.5 291.63 1012.5 334.63
1 759.5 275.73 786.5 302.73
1 700.0 253.12 714.0 267.12
1 623.5 215.6 640.5 232.6
1 589.5 236.65 612.5 259.65
1 518.49 217.73 549.49 248.73
1 421.5 265.6 438.5 282.6
1 396.97 180.15 414.97 198.15
1 309.0 123.16 347.0 161.16
1 327.49 5.74 360.49 38.74
1 276.5 49.73 303.5 76.73
1 184.0 248.21 208.0 272.21
1 48.0 419.11 90.0 461.11
1 132.51 715.68 147.51 730.68
1 252.0 770.0 256.0 774.0
1 529.98 531.24 551.98 553.24
1 455.49 576.67 476.49 597.67
1 324.0 602.14 336.0 614.14
1 357.5 545.61 374.5 562.61
1 589.97 423.06 603.97 437.06
1 743.49 932.66 776.49 965.66
1 727.51 963.71 748.51 984.71
1 354.01 985.24 380.01 1011.24
1 625.5 685.6 642.5 702.6
