0 207.49 131.56 316.49 208.56
0 70.15 450.38 119.15 520.38
0 403.27 128.21 431.27 188.21
0 36.16 141.21 73.16 171.21
0 67.27 697.52 99.27 728.52
0 56.2 602.37 81.2 627.37
0 211.19 450.64 250.19 496.64
0 216.76 264.63 265.76 311.63
0 446.44 58.54 477.44 88.54
0 791.46 316.54 824.46 346.54
0 747.26 289.82 778.26 319.82
0 704.22 567.43 814.22 703.43
0 561.27 763.62 621.27 824.62
0 613.71 574.84 636.71 594.84
0 786.12 827.81 835.12 889.81
0 919.23 798.11 974.23 830.11
0 983.46 789.97 1016.46 812.97
0 271.0 751.27 297.0 789.27
0 459.05 882.22 477.05 910.22
0 313.23 420.45 348.23 466.45
0 486.48 241.36 509.48 272.36
0 870.45 61.45 900.45 81.45
0 727.33 842.65 763.33 869.65
0 327.26 404.23 343.26 428.23
0 689.93 89.17 716.93 111.17
0 248.3 869.32 290.3 920.32
0 780.41 935.54 826.41 999.54
0 632.23 22.19 645.23 38.19
0 126.58 564.33 149.58 589.33
0 329.85 813.25 356.85 843.25
0 968.99 247.32 1018.99 279.32
0 541.14 423.23 704.14 502.23
2 939.62 209.91 995.62 264.91
2 826.49 306.66 893.49 373.66
1 674.22 775.72 703.22 804.72
1 596.64 548.79 616.64 568.79
1 770.52 23.31 789.52 42.31
1 635.46 94.26 652.46 111.26
1 719.41 241.31 739.41 260.31
1 807.23 280.34 826.23 298.34
1 507.13 351.47 522.13 367.47
1 352.5 220.0 371.5 239.0
1 55.63 322.53 77.63 344.53
1 606.27 806.48 628.27 828.48
1 404.98 381.76 422.98 399.76
1 671.13 891.47 686.13 907.47
