0 48.44 132.28 103.44 185.28
0 146.24 82.34 191.24 131.34
0 193.4 43.28 225.4 86.28
0 231.42 47.15 275.42 89.15
0 354.04 195.63 414.04 264.63
0 420.81 47.36 461.81 74.36
0 490.46 209.63 525.46 238.63
0 652.3 85.31 702.3 148.31
0 559.12 328.38 598.12 365.38
0 769.38 80.1 845.38 204.1
0 846.07 141.53 874.07 169.53
0 918.4 185.59 981.4 246.59
0 921.14 268.16 956.14 304.16
0 959.98 408.35 1011.98 446.35
0 841.01 523.67 899.01 600.67
0 889.17 601.19 936.17 663.19
0 966.14 564.04 1003.14 611.04
0 690.15 418.19 743.15 470.19
0 872.55 741.61 936.55 802.61
0 717.27 657.22 760.27 704.22
0 754.14 811.57 803.14 852.57
0 689.26 803.6 745.26 856.6
0 878.78 892.64 903.78 926.64
0 892.19 939.76 909.19 964.76
0 880.59 969.64 908.59 1005.64
0 989.51 846.6 1006.51 872.6
0 732.29 985.27 762.29 1015.27
0 607.07 986.86 630.07 1014.86
0 450.02 969.58 498.02 1014.58
0 498.13 882.38 539.13 927.38
0 584.34 864.2 609.34 884.2
0 466.81 770.23 507.81 811.23
0 408.5 765.64 451.5 814.64
0 330.11 797.46 379.11 853.46
0 256.53 766.16 291.53 794.16
0 183.3 830.14 214.3 858.14
0 186.12 770.17 203.12 790.17
0 135.16 695.72 162.16 732.72
0 81.17 638.61 120.17 688.61
0 119.52 390.34 184.52 435.34
0 54.35 504.41 100.35 550.41
0 127.23 302.7 158.23 341.7
0 580.5 539.71 611.5 576.71
0 640.41 566.53 674.41 604.53
0 524.22 469.55 553.22 512.55
0 866.22 397.96 887.22 412.96
0 878.08 222.68 902.08 249.68
0 213.1 663.43 232.1 691.43
0 253.5 593.5 270.5 617.5
2 406.18 892.32 423.18 941.32
2 298.36 601.27 348.36 620.27
2 267.5 634.86 276.5 661.86
2 145.67 521.63 199.67 575.63
2 197.36 344.59 237.36 383.59
1 218.08 144.56 243.08 170.56
1 243.5 685.6 260.5 702.6
1 230.0 746.76 246.0 762.76
1 236.43 808.32 254.43 825.32
1 53.16 761.38 69.16 777.38
1 33.0 574.24 51.0 591.24
1 504.34 293.18 526.34 315.18
1 563.32 177.59 583.32 197.59
1 537.29 202.37 553.29 219.37
1 588.0 229.53 612.0 253.53
1 693.53 324.59 718.53 350.59
1 352.26 310.38 370.26 328.38
1 378.0 312.17 398.0 332.17
1 534.18 543.53 559.18 567.53
1 393.94 528.33 405.94 541.33
1 239.6 718.61 261.6 740.61
1 860.12 347.67 881.12 368.67
1 919.23 847.45 946.23 874.45
1 978.31 874.75 1000.31 897.75
