0 139.62 56.18 181.62 112.18
0 105.19 121.76 136.19 163.76
0 15.13 47.59 50.13 79.59
0 13.85 397.95 64.85 440.95
0 42.15 539.31 103.15 594.31
0 91.06 645.48 154.06 709.48
0 5.44 743.22 54.44 786.22
0 126.43 505.48 168.43 541.48
0 178.04 531.49 214.04 563.49
0 129.35 565.34 173.35 596.34
0 242.17 387.58 291.17 435.58
0 264.25 465.48 302.25 517.48
0 219.26 339.43 250.26 378.43
0 213.31 257.16 261.31 319.16
0 177.42 282.52 197.42 304.52
0 182.19 87.5 227.19 135.5
0 273.84 106.64 324.84 153.64
0 302.35 163.76 340.35 213.76
0 551.66 285.14 625.66 363.14
0 656.02 440.43 713.02 498.43
0 542.35 429.9 588.35 472.9
0 482.35 97.49 516.35 137.49
0 538.26 135.71 575.26 169.71
0 668.33 49.43 714.33 97.43
0 833.25 32.46 901.25 98.46
0 741.12 34.88 812.12 75.88
0 740.97 142.46 778.97 164.46
0 693.52 176.59 746.52 215.59
0 871.06 256.5 906.06 310.5
0 909.16 280.7 944.16 331.7
0 921.43 149.62 974.43 210.62
0 953.5 38.28 1018.5 103.28
0 884.46 368.48 927.46 434.48
0 758.21 536.53 795.21 570.53
0 702.99 568.61 740.99 598.61
0 618.26 767.32 675.26 822.32
0 525.02 842.51 568.02 888.51
0 434.38 672.44 476.38 730.44
0 477.11 556.42 516.11 597.42
0 564.62 614.19 587.62 634.19
0 810.4 657.4 851.4 681.4
0 731.46 925.39 763.46 968.39
0 771.02 897.27 793.02 923.27
0 913.1 884.08 980.1 940.08
0 73.03 912.16 127.03 949.16
0 392.33 839.41 462.33 931.41
0 559.51 710.37 600.51 763.37
0 954.25 531.47 984.25 563.47
0 977.52 574.12 1002.52 609.12
2 162.33 333.58 208.33 354.58
2 70.47 390.55 129.47 417.55
2 194.53 371.09 241.53 393.09
2 241.48 639.2 317.48 666.2
2 347.79 638.72 427.79 666.72
2 985.23 485.64 1004.23 537.64
2 571.38 577.47 587.38 621.47
2 331.34 427.48 371.34 467.48
2 584.31 112.25 674.31 201.25
2 709.31 800.35 749.31 841.35
2 917.13 703.38 944.13 730.38
1 638.15 644.58 655.15 662.58
1 962.19 795.7 983.19 816.7
1 942.29 775.18 960.29 793.18
1 933.33 758.39 949.33 775.39
1 908.0 450.18 928.0 470.18
1 877.0 592.54 899.0 614.54
1 937.32 665.57 961.32 689.57
1 720.65 633.52 736.65 649.52
1 385.0 539.19 407.0 561.19
1 528.05 203.58 548.05 223.58
1 473.2 199.55 496.2 223.55
1 22.2 944.64 47.2 970.64
1 442.28 114.17 463.28 134.17
1 492.5 12.57 515.5 34.56
1 464.01 492.21 488.01 516.21
1 812.0 196.79 836.0 220.79
1 789.96 177.53 809.96 197.53
1 850.5 272.46 873.5 294.46
1 844.6 990.16 864.6 1010.16
