0 318.18 33.65 374.18 92.65
0 253.13 20.1 295.13 63.1
0 318.29 90.65 342.29 114.65
0 413.92 2.89 454.92 34.89
0 424.11 88.66 460.11 119.66
0 426.31 169.91 453.31 197.91
0 158.22 190.77 195.22 227.77
0 139.31 125.08 169.31 153.08
0 68.83 230.97 98.83 265.97
0 547.35 99.0 569.35 127.0
0 372.36 343.86 399.36 361.86
0 437.35 378.79 455.35 396.79
0 700.28 33.1 737.28 74.1
0 794.39 -0.8 822.39 18.2
0 533.18 45.06 553.18 70.06
0 481.17 229.03 498.17 248.03
0 3.14 285.59 28.14 304.59
0 61.25 355.03 79.25 377.03
0 276.02 308.14 298.02 326.14
0 625.12 392.89 642.12 410.89
0 802.1 676.94 825.1 696.94
0 726.16 754.06 748.16 775.06
0 100.04 420.07 119.04 442.07
0 501.11 156.97 517.11 176.97
0 433.8 257.73 452.8 276.73
0 344.99 227.16 361.99 252.16
2 251.46 130.58 298.46 144.58
2 339.33 164.0 386.33 176.0
2 365.47 184.96 401.47 194.96
2 311.28 223.95 346.28 232.95
2 240.17 222.09 273.17 230.09
2 220.13 281.93 258.13 291.93
2 72.18 276.13 82.18 316.13
2 79.86 126.69 140.86 187.69
2 -2.13 211.16 33.87 267.16
2 463.32 29.52 523.32 81.52
2 914.6 242.84 925.6 266.84
2 829.32 397.99 853.32 407.99
2 801.94 264.02 819.94 270.02
2 899.37 -1.47 916.37 17.53
2 691.05 136.93 727.05 172.93
2 937.07 79.75 968.07 110.75
2 929.22 -2.04 982.22 35.96
2 801.2 186.09 830.2 215.09
2 905.28 329.0 936.28 360.0
2 881.06 485.76 911.06 515.76
2 628.38 559.09 658.38 589.09
2 659.77 750.05 696.77 783.05
2 642.99 776.91 677.99 810.91
2 674.33 922.04 699.33 948.04
2 864.19 870.89 889.19 892.89
2 708.74 676.96 721.74 697.96
2 1009.53 134.1 1022.53 155.1
2 562.03 -0.29 582.03 9.71
2 486.71 292.93 508.71 313.93
2 512.22 321.98 551.22 360.98
2 502.36 543.19 532.36 573.19
2 399.27 662.09 431.27 694.09
2 472.15 871.88 510.15 909.88
2 375.35 892.02 409.35 926.02
2 452.14 641.56 477.14 651.56
2 376.17 452.05 398.17 460.05
2 70.82 433.6 122.82 483.6
2 191.32 440.11 220.32 467.11
2 135.21 550.1 170.21 583.1
2 -1.43 602.65 28.57 640.65
2 292.19 233.19 324.19 264.19
2 208.01 134.8 253.01 180.8
2 202.26 702.13 236.26 734.13
2 116.33 775.24 156.33 814.24
2 269.33 856.01 300.33 885.01
2 817.62 574.75 837.62 585.75
1 207.21 943.03 221.21 957.03
1 191.03 914.98 206.03 929.98
1 169.35 866.07 190.35 887.07
1 234.25 859.0 251.25 876.0
1 264.2 793.02 283.2 812.02
1 343.96 803.87 361.96 821.87
1 88.27 866.22 104.27 882.22
1 106.27 849.22 122.27 865.22
1 118.03 827.82 138.03 847.82
1 303.31 932.17 322.31 951.17
1 359.99 978.93 377.99 996.93
1 380.31 983.2 398.31 1001.2
1 429.03 913.98 444.03 928.98
1 483.03 809.92 498.03 824.92
1 178.3 970.14 199.3 991.14
1 224.29 984.18 246.29 1006.18
1 82.25 702.14 95.25 715.14
1 140.25 618.16 153.25 631.16
1 202.32 562.12 219.32 579.12
1 253.12 598.82 266.12 611.82
1 324.24 681.12 338.24 695.12
1 406.31 626.15 427.31 647.15
1 317.97 587.81 338.97 608.81
1 344.23 621.03 361.23 638.03
1 436.29 548.07 459.29 571.07
1 217.16 504.02 233.16 520.02
1 104.27 522.22 120.27 538.22
1 42.05 584.84 62.05 604.84
1 77.96 547.87 95.96 565.87
1 147.22 511.09 163.22 527.09
1 16.16 502.98 32.16 518.98
1 149.25 397.16 162.25 410.16
1 278.22 413.09 293.22 428.09
1 460.16 519.04 478.16 537.04
1 420.27 305.22 436.27 321.22
1 399.22 157.17 416.22 174.17
1 475.1 195.96 489.1 209.96
1 730.06 988.77 748.06 1006.77
1 675.87 1006.81 690.87 1021.81
1 580.03 899.98 595.03 914.98
1 616.23 804.03 633.23 821.03
1 692.18 796.88 708.18 812.88
1 929.25 820.13 943.25 834.13
1 981.0 827.84 997.0 843.84
1 946.92 657.72 962.92 673.72
1 976.93 629.7 992.93 645.7
1 553.25 733.16 566.25 746.16
1 855.22 824.09 870.22 839.09
1 941.33 616.16 960.33 635.16
1 620.13 544.0 633.13 557.0
1 972.0 461.84 988.0 477.84
1 960.94 371.86 974.94 385.86
1 857.98 357.88 874.98 374.88
1 794.15 387.88 814.15 407.88
1 672.15 476.02 690.15 494.02
1 638.08 317.93 655.08 334.93
1 578.19 262.09 593.19 277.09
1 524.04 267.83 540.04 283.83
1 909.19 391.09 924.19 406.09
1 917.92 406.88 935.92 424.88
1 930.0 264.0 945.0 279.0
1 640.98 208.71 655.98 223.71
1 569.01 318.72 591.01 340.72
1 694.11 943.94 704.11 953.94
