0 5.53 719.45 48.53 753.45
0 94.35 656.18 128.35 684.18
0 143.06 637.84 175.06 671.84
0 194.06 615.99 229.06 647.99
0 259.05 621.8 290.05 662.8
0 298.13 536.97 340.13 586.97
0 34.3 872.05 64.3 897.05
0 13.24 822.09 39.24 843.09
0 73.13 978.21 93.13 1000.21
0 227.02 528.93 271.02 561.93
0 247.99 559.81 283.99 586.81
0 294.4 463.52 340.4 508.52
0 281.33 452.77 306.33 477.77
0 360.75 483.87 402.75 522.87
0 135.81 762.07 158.81 785.07
0 570.17 409.77 601.17 436.77
0 586.21 342.56 624.21 372.56
0 670.31 221.88 694.31 246.88
0 941.01 14.86 987.01 58.86
0 763.83 226.58 792.83 260.58
0 585.9 280.59 610.9 323.59
0 461.18 501.26 481.18 520.26
0 368.0 695.83 388.0 723.83
0 257.25 703.04 277.25 728.04
0 145.63 543.9 170.63 558.9
0 830.94 118.58 864.94 146.58
0 849.85 186.05 884.85 219.05
2 946.3 127.04 992.3 140.04
2 936.13 218.95 964.13 226.95
2 916.29 278.82 947.29 287.82
2 765.21 272.14 775.21 309.14
2 604.23 212.62 640.23 221.62
2 338.31 612.64 373.31 621.64
2 282.97 975.0 292.97 997.0
2 273.35 803.99 305.35 814.99
2 317.19 692.92 326.19 720.92
2 639.23 626.71 657.23 633.71
2 287.13 888.45 301.13 896.45
2 181.71 780.54 196.71 788.54
2 248.16 761.02 262.16 768.02
2 459.95 363.64 472.95 370.64
2 771.16 120.45 832.16 182.45
2 652.24 196.7 729.24 269.7
2 766.03 433.97 815.03 477.97
2 508.18 476.24 555.18 523.24
2 544.02 475.91 579.02 514.91
2 561.14 518.06 607.14 561.06
2 657.84 504.13 708.84 549.13
2 688.19 599.9 725.19 638.9
2 648.29 721.74 682.29 753.74
2 894.9 698.85 931.9 733.85
2 960.01 852.99 993.01 888.99
2 614.94 967.78 649.94 1002.78
2 332.16 944.16 372.16 982.16
2 401.01 663.08 432.01 695.08
2 343.91 632.9 381.91 673.9
2 99.11 568.97 149.12 618.97
2 366.02 382.95 400.02 412.95
1 926.99 857.78 939.99 870.78
1 957.0 794.0 974.0 811.0
1 899.24 942.12 913.24 956.12
1 870.28 967.04 890.28 987.04
1 800.29 952.16 823.29 975.16
1 710.25 884.14 723.25 897.14
1 689.3 734.06 710.3 755.06
1 772.93 698.84 786.93 712.84
1 683.17 667.91 696.17 680.91
1 617.94 656.89 634.94 673.89
1 586.08 813.87 604.08 831.87
1 587.03 851.98 602.03 866.98
1 527.14 932.0 539.14 944.0
1 755.95 965.88 767.95 977.88
1 999.31 946.15 1020.31 967.15
1 640.96 771.87 658.96 789.87
1 942.05 591.84 962.05 611.84
1 896.03 558.98 911.03 573.98
1 798.98 516.77 812.98 530.77
1 730.97 580.81 751.97 601.81
1 568.27 591.18 587.27 610.18
1 530.17 840.96 554.17 864.96
1 795.23 841.0 821.23 867.0
1 695.99 916.73 718.99 939.73
1 947.02 641.04 963.02 657.04
1 512.31 631.04 538.31 657.04
1 905.4 494.21 931.4 520.21
1 970.27 408.22 986.27 424.22
1 109.05 893.82 137.05 921.82
1 101.0 848.76 122.0 869.76
1 366.92 855.72 382.92 871.72
1 472.27 793.22 488.27 809.22
1 496.32 925.08 510.32 939.08
1 483.33 956.16 502.33 975.16
1 351.19 767.0 373.19 789.0
1 418.3 491.14 439.3 512.14
1 335.99 736.78 348.99 749.78
1 452.23 945.03 469.23 962.03
1 535.94 795.89 552.94 812.89
1 475.97 686.81 496.97 707.81
1 528.34 898.16 550.34 920.16
1 592.98 499.88 609.98 516.88
1 520.96 566.87 538.96 584.87
1 744.19 347.09 759.19 362.09
1 550.17 960.91 563.17 973.91
1 897.12 145.0 911.12 159.0
1 873.03 408.98 888.03 423.98
1 767.27 763.22 783.27 779.22
1 862.16 864.07 879.16 881.07
1 632.75 889.64 646.75 903.64
1 824.68 446.0 834.68 455.0
1 179.27 988.22 195.27 1004.22
1 833.82 613.65 845.82 625.65
1 775.78 380.6 790.78 395.6
