0 493.21 823.21 607.21 886.21
0 336.95 570.53 413.95 645.53
0 422.3 908.37 487.3 990.37
0 83.36 952.67 134.36 1025.67
0 22.08 835.21 90.08 934.21
0 129.53 860.85 198.53 909.85
0 44.5 698.05 126.5 774.05
0 210.06 594.2 254.06 656.2
0 171.39 626.11 218.39 667.11
0 218.67 738.47 262.67 804.47
0 371.64 857.06 420.64 924.06
0 806.2 763.01 883.2 841.01
0 955.73 310.99 1013.73 348.99
0 529.6 641.44 582.6 681.44
0 520.05 542.14 560.05 603.14
0 761.55 483.64 802.55 545.64
0 302.25 728.31 363.25 777.31
0 868.07 411.24 911.07 446.24
0 595.55 229.0 643.55 263.0
0 228.59 134.33 259.59 180.33
0 542.35 731.38 584.35 796.38
0 402.14 685.17 446.14 728.17
0 242.62 671.02 289.62 713.02
0 544.65 31.31 591.65 66.31
0 933.39 492.11 969.39 537.11
0 944.28 578.24 985.28 639.24
0 796.74 555.97 836.74 615.97
0 721.18 640.21 764.18 698.21
0 378.09 778.35 406.09 828.35
2 808.34 222.17 865.34 279.17
2 897.39 653.32 993.39 750.32
2 397.07 806.36 475.07 884.36
2 206.46 878.4 288.46 960.4
2 144.52 767.81 263.52 886.81
2 288.56 819.15 339.56 870.15
2 309.31 489.18 364.31 544.18
2 236.65 365.17 295.65 424.17
2 43.22 341.0 105.22 403.0
2 695.36 75.34 746.36 127.34
2 716.27 181.34 761.27 225.34
2 687.72 194.37 733.72 240.37
2 928.09 27.99 976.09 75.99
2 137.34 310.02 176.34 350.02
2 179.07 419.37 217.07 475.37
2 86.39 490.03 112.39 530.03
2 94.4 445.04 111.4 470.04
2 -1.13 495.23 35.87 557.23
2 295.67 258.2 340.67 287.2
2 435.36 289.14 494.36 332.14
2 552.31 371.63 578.31 416.63
2 398.48 648.26 428.48 693.26
2 481.65 736.43 550.65 783.43
2 354.4 739.03 403.4 809.03
2 679.74 671.31 756.74 711.31
2 729.02 695.52 802.02 736.52
2 642.8 763.18 705.8 794.18
2 676.4 838.57 714.4 880.57
2 873.17 705.25 912.17 775.25
2 894.53 531.87 925.53 585.87
2 870.51 145.6 923.51 174.6
2 912.06 310.61 941.06 360.61
2 501.66 49.34 523.66 88.34
2 305.29 41.53 359.29 74.53
2 365.39 188.41 396.39 211.41
2 453.31 240.3 483.31 258.3
2 760.43 259.54 790.43 299.54
1 325.83 219.59 347.83 241.59
1 208.56 191.67 230.56 213.67
1 152.69 158.5 175.69 181.5
1 215.43 245.03 238.43 267.03
1 261.57 342.06 289.57 370.06
1 323.46 367.45 347.46 392.45
1 401.71 521.25 430.71 549.25
1 374.1 459.84 397.1 482.84
1 475.52 507.48 499.52 532.48
1 573.17 598.36 599.17 624.36
1 623.21 535.62 641.21 553.62
1 602.46 671.5 631.46 700.5
1 274.02 626.5 297.02 649.5
1 138.73 439.13 165.73 466.13
1 30.47 285.23 59.47 313.23
1 577.91 427.64 603.91 453.64
1 549.3 463.34 572.3 487.34
1 409.2 323.18 439.2 354.18
1 749.54 405.13 773.54 428.13
1 868.51 294.21 893.51 319.21
1 170.37 275.45 199.37 304.45
1 235.41 183.35 262.41 211.35
1 136.25 188.09 157.25 209.09
1 72.26 31.35 92.26 51.35
1 -0.16 80.04 27.84 109.04
1 28.69 78.5 51.69 101.5
1 33.37 575.86 52.37 594.86
1 543.19 330.37 565.19 352.37
1 468.1 349.87 495.1 376.87
1 369.87 214.34 399.87 244.34
1 401.22 170.4 423.22 192.4
1 469.72 95.49 498.72 124.49
1 679.35 67.32 702.35 91.32
1 784.65 89.16 807.65 112.16
1 802.76 354.5 833.76 385.5
1 719.71 346.13 744.71 371.13
1 721.18 374.34 743.18 396.34
1 768.35 460.31 789.35 482.31
1 911.31 674.52 930.31 693.52
1 998.54 859.68 1016.54 877.68
