0 293.49 627.87 358.49 668.87
0 414.84 572.99 455.84 600.99
0 390.46 676.21 437.46 707.21
0 159.73 869.35 224.73 907.35
0 76.31 764.26 110.31 796.26
0 94.73 894.98 157.73 935.98
0 714.54 756.99 763.54 809.99
0 909.63 669.45 944.63 711.45
0 899.51 930.94 992.51 996.94
0 790.15 920.51 901.15 1021.51
0 662.17 942.0 693.17 978.0
0 682.67 991.36 737.67 1026.36
0 56.42 93.18 97.42 120.18
0 199.35 458.17 246.35 487.17
0 608.56 924.51 640.56 975.51
0 762.58 907.97 797.58 954.97
0 654.27 897.99 685.27 939.99
0 49.72 672.48 99.72 707.48
1 480.79 118.63 500.79 138.63
1 386.23 177.99 416.23 207.99
1 395.39 250.29 428.39 283.29
1 243.39 239.09 274.39 270.09
1 182.54 310.32 200.54 328.32
1 102.52 238.19 122.52 257.19
1 180.22 73.35 203.22 105.35
1 398.35 354.2 413.35 373.2
1 342.41 379.21 371.41 408.21
1 272.19 144.21 306.19 179.21
1 277.62 13.33 312.62 49.33
1 50.22 200.01 78.22 228.01
1 424.31 383.41 447.31 407.41
1 -0.18 455.54 24.82 483.54
1 205.34 280.38 226.34 306.38
1 292.55 450.31 322.55 484.31
1 318.6 536.98 342.6 564.98
1 353.6 550.36 379.6 576.36
1 503.17 653.2 523.17 674.2
1 399.66 606.18 420.66 627.18
1 452.57 499.57 484.57 530.57
1 483.24 816.11 507.24 839.11
1 274.53 842.63 296.53 864.63
1 39.62 784.37 71.62 816.37
1 306.66 117.24 327.66 137.24
1 485.32 169.13 504.32 188.13
1 105.69 257.29 128.69 279.29
1 341.55 292.37 361.55 312.37
1 10.16 679.31 32.16 701.31
1 334.68 739.34 357.68 763.34
1 425.54 791.43 441.54 807.43
1 128.37 101.55 157.37 130.55
1 463.18 278.34 491.18 306.34
1 296.62 39.97 322.62 65.97
1 730.4 103.15 755.4 128.15
1 711.16 161.6 731.16 181.6
1 554.58 381.08 580.58 407.08
1 861.38 437.17 888.38 464.17
1 912.21 352.99 936.21 376.99
1 998.98 269.6 1024.98 297.6
1 974.4 64.39 997.4 86.39
1 888.51 189.31 912.51 213.31
1 684.24 161.15 702.24 178.15
1 539.78 164.0 561.78 186.0
1 653.39 454.76 674.39 475.76
1 708.44 494.0 739.44 524.0
1 947.23 508.36 971.23 532.36
1 949.38 543.53 964.38 558.53
1 862.54 657.63 884.54 679.63
1 797.33 841.27 834.33 877.27
1 533.25 790.46 563.25 820.46
1 623.72 546.24 646.72 569.24
1 968.74 302.5 997.74 331.5
1 993.43 462.97 1016.43 484.97
1 936.52 837.0 958.52 859.0
1 819.22 806.4 841.22 828.4
1 747.53 568.3 781.53 602.3
1 890.48 115.2 916.48 141.2
1 959.74 120.15 986.74 147.15
1 542.45 -0.95 566.45 19.05
1 461.45 74.18 499.45 112.18
1 385.43 742.95 419.43 776.95
1 578.18 848.02 621.18 878.02
1 662.67 387.16 701.67 425.16
1 59.39 643.94 79.39 656.94
1 145.22 694.23 168.22 718.23
1 382.67 784.07 411.67 814.07
1 688.36 586.54 706.36 605.54
1 679.12 601.95 693.12 629.95
