0 609.15 343.47 679.15 404.47
0 786.59 648.54 845.59 715.54
0 640.35 441.06 658.35 465.06
1 359.14 791.18 403.14 839.18
1 51.23 698.05 137.23 768.05
1 885.77 360.51 948.77 387.51
2 161.19 796.0 189.19 824.0
2 495.75 104.47 532.75 127.47
2 674.19 160.44 694.19 181.44
2 678.7 190.97 701.7 214.97
2 654.67 115.05 673.67 135.05
2 596.71 447.5 621.71 472.5
2 686.17 450.69 710.17 477.69
2 846.69 589.5 879.69 622.5
2 941.6 760.49 960.6 779.49
2 431.69 975.51 454.69 998.51
2 779.69 12.51 798.69 31.51
2 882.24 509.02 904.24 531.02
2 3.74 807.5 32.74 836.5
