0 497.15 778.51 565.15 849.51
0 602.17 846.51 638.17 883.51
0 493.65 904.97 524.65 942.97
0 176.13 554.05 236.13 604.05
0 541.64 530.5 630.64 567.5
0 109.19 684.0 185.19 734.0
0 600.1 917.06 674.1 999.06
0 650.18 813.5 685.18 848.5
0 716.29 796.47 751.29 821.47
0 712.74 965.14 753.74 994.14
0 990.72 954.6 1024.72 1004.6
0 758.53 593.95 787.53 612.95
0 651.08 461.99 683.08 502.99
0 639.15 476.48 688.15 508.48
0 920.62 478.97 959.62 533.97
0 976.11 517.61 1014.11 586.61
0 770.74 351.51 802.74 368.51
0 761.61 447.94 788.61 487.94
0 556.6 225.67 596.6 247.67
0 169.64 419.99 204.64 457.99
0 267.18 704.0 301.18 742.0
0 495.08 41.47 529.08 90.47
0 534.2 297.73 562.2 326.73
0 793.24 228.2 829.24 253.2
0 256.72 243.03 301.72 270.03
0 297.72 290.45 330.72 307.45
0 142.17 213.16 198.17 244.16
0 436.28 546.22 473.28 591.22
0 550.62 676.23 596.62 718.23
0 -2.07 305.97 29.93 439.97
2 503.3 152.93 555.3 199.93
2 339.14 338.36 357.14 359.36
2 647.6 194.06 692.6 242.06
2 378.51 391.34 441.51 476.34
2 415.18 732.89 511.18 830.89
2 84.68 777.97 117.68 809.97
2 737.08 721.0 789.08 773.0
2 859.06 532.51 902.06 575.51
2 959.21 603.57 985.21 629.57
2 207.14 960.51 265.14 1019.51
2 353.13 495.54 391.13 534.54
2 301.7 72.96 331.7 102.96
1 138.25 275.0 168.25 305.0
1 -1.23 160.47 33.77 199.47
1 68.72 98.54 89.72 119.54
1 223.61 66.57 239.61 82.57
1 201.21 48.02 224.21 71.02
1 205.24 27.59 220.24 41.59
1 233.7 11.0 258.7 36.0
1 277.16 31.96 295.16 49.96
1 259.23 46.5 273.23 60.5
1 353.15 64.0 391.15 102.0
1 311.74 179.99 345.74 213.99
1 352.14 189.47 366.14 203.47
1 448.17 180.0 468.17 200.0
1 463.23 103.5 487.23 127.5
1 631.4 155.18 658.4 182.18
1 676.44 36.19 713.44 73.19
1 687.53 117.45 715.53 146.45
1 557.5 127.99 577.5 147.99
1 614.35 193.5 631.35 210.5
1 449.25 350.24 479.25 380.24
1 444.63 305.03 466.63 327.03
1 234.58 308.11 260.58 333.11
1 213.39 325.24 236.39 348.24
1 225.59 350.02 241.59 366.02
1 349.49 419.35 369.49 439.35
1 335.48 398.98 367.48 416.98
1 281.48 207.13 301.48 218.13
1 246.4 175.02 267.4 194.02
1 236.5 435.19 265.5 450.19
1 155.17 464.37 177.17 486.37
1 120.25 468.0 144.25 492.0
1 140.29 498.31 157.29 516.31
1 156.46 354.74 177.46 375.74
1 269.37 461.8 288.37 480.8
1 72.52 472.3 102.52 502.3
1 314.69 636.24 333.69 654.24
1 357.37 640.24 376.37 658.24
1 215.0 517.22 244.0 536.22
1 314.97 551.07 339.97 566.07
1 155.44 630.32 178.44 644.32
1 427.07 638.32 448.07 652.32
1 411.35 608.06 427.35 617.06
1 377.62 677.57 400.62 716.57
1 422.62 677.3 441.62 704.3
1 339.09 663.69 351.09 684.69
1 147.69 722.91 168.69 734.91
1 39.65 634.52 52.65 645.52
1 191.76 724.0 232.76 746.0
1 370.68 895.49 399.68 924.49
1 455.71 941.5 480.71 966.5
1 552.24 945.02 574.24 967.02
1 646.24 915.01 672.24 941.01
1 659.23 936.02 689.23 966.02
1 111.19 978.01 147.19 1014.01
1 115.26 736.5 151.26 765.5
1 356.23 585.5 386.23 616.5
1 538.73 646.05 562.73 672.05
1 566.64 630.51 585.64 645.51
1 576.18 653.08 592.18 667.08
1 571.25 571.58 587.25 586.58
1 561.76 415.02 596.76 441.02
1 664.25 354.0 690.25 374.0
1 679.25 294.96 703.25 314.96
1 721.7 358.01 746.7 376.01
1 710.25 391.05 734.25 413.05
1 667.6 433.53 680.6 444.53
1 782.67 264.0 825.67 300.0
1 728.6 298.61 763.6 335.61
1 948.21 45.58 966.21 72.58
1 999.78 55.96 1024.78 67.96
1 1000.97 9.44 1025.97 26.44
1 888.55 93.44 907.55 138.44
1 659.21 568.44 691.21 595.44
1 743.75 532.47 770.75 543.47
1 791.59 540.13 802.59 568.13
1 857.56 446.95 874.56 463.95
1 810.62 463.99 829.62 482.99
1 862.0 386.0 879.0 403.0
1 900.23 387.03 922.23 409.03
1 937.25 396.46 957.25 412.46
1 995.2 397.4 1015.2 419.4
1 873.64 225.46 891.64 238.46
1 716.71 473.47 741.71 492.47
1 688.63 609.93 712.63 627.93
1 740.64 675.42 758.64 687.42
1 950.14 329.46 961.14 344.46
1 923.27 767.98 951.27 789.98
1 880.18 881.99 910.18 915.99
1 831.63 753.0 862.63 793.0
1 916.1 895.04 946.1 933.04
1 911.8 705.51 950.8 730.51
1 866.29 691.5 898.29 712.5
1 945.12 818.53 981.12 865.53
1 759.71 783.5 788.71 812.5
1 881.24 838.62 909.24 865.62
1 818.56 901.45 845.56 952.45
1 649.24 782.38 673.24 805.38
1 789.19 684.0 817.19 712.0
1 316.74 870.5 345.74 899.5
1 839.26 857.0 865.26 883.0
1 842.25 831.01 864.25 853.01
1 762.26 106.0 788.26 132.0
1 946.65 112.5 969.65 135.5
1 605.24 266.02 627.24 288.02
1 75.64 146.5 94.64 165.5
1 59.09 383.04 77.09 401.04
1 -0.7 591.5 18.3 616.5
1 11.73 755.5 34.73 778.5
1 385.6 343.5 402.6 360.5
1 978.17 470.0 998.17 490.0
1 1007.0 687.04 1025.01 709.04
1 97.69 841.51 120.69 864.51
