0 329.15 39.51 414.15 95.51
0 22.12 422.49 69.12 499.49
0 473.73 426.98 519.73 455.98
0 492.06 302.54 551.06 408.54
0 661.13 471.01 703.13 513.01
0 630.63 550.47 682.63 582.47
0 603.09 399.99 645.09 451.99
0 139.13 714.08 189.13 775.08
0 373.66 751.99 423.66 788.99
0 213.65 788.03 258.65 840.03
0 94.06 888.52 124.06 941.52
0 587.68 953.05 625.68 985.05
0 438.1 550.03 503.1 604.03
0 0.15 932.0 84.15 989.0
0 842.14 693.46 885.14 749.46
0 912.32 464.44 958.32 492.44
0 907.48 108.22 980.48 160.22
0 250.99 740.75 271.99 759.75
0 492.45 685.77 518.45 704.77
0 948.7 649.46 973.7 679.46
2 151.3 792.64 184.3 818.64
2 375.35 963.49 421.35 1010.49
2 592.28 727.01 621.28 756.01
2 723.44 795.46 770.44 830.46
2 437.74 470.28 476.74 516.28
2 438.22 396.9 460.22 438.9
2 930.58 891.5 953.58 914.5
2 747.91 973.2 788.91 1014.2
2 694.47 652.38 726.47 684.38
2 811.11 440.53 863.11 492.53
2 801.78 126.04 857.78 182.04
2 850.32 221.37 921.32 293.37
2 185.11 646.01 239.11 700.01
2 131.58 191.3 180.58 239.3
1 108.64 10.5 121.64 23.5
1 122.16 18.89 134.16 30.89
1 140.35 109.01 156.35 124.01
1 357.11 359.19 372.11 374.19
1 311.67 330.35 322.67 342.35
1 259.14 409.02 272.14 422.02
1 161.18 513.29 180.18 533.29
1 255.18 614.15 268.18 627.15
1 117.7 634.5 139.7 656.5
1 45.79 644.53 63.79 662.53
1 67.27 678.21 84.27 694.21
1 168.65 858.15 183.65 872.15
1 275.65 926.27 294.65 944.27
1 558.28 470.0 586.28 498.0
1 722.18 392.59 734.18 404.59
1 784.34 317.46 799.34 333.46
1 791.09 360.25 805.09 372.25
1 928.25 195.0 957.25 219.0
1 468.33 210.43 486.33 233.43
1 548.12 171.41 608.12 225.41
1 805.66 538.51 827.66 557.51
1 792.37 773.58 805.37 790.58
1 861.47 862.36 887.47 882.36
1 885.15 837.37 901.15 853.37
1 545.43 696.46 564.43 723.46
1 646.15 646.4 661.15 659.4
1 719.5 714.33 731.5 726.33
1 694.5 769.95 708.5 783.95
1 488.57 940.81 508.57 954.81
1 487.5 962.54 522.5 998.54
1 467.35 694.1 479.35 707.1
1 430.63 618.93 448.63 636.93
1 648.43 667.2 662.43 681.2
1 872.51 339.43 898.51 366.43
1 940.57 348.49 959.57 365.49
1 936.28 379.09 955.28 404.09
1 900.61 494.21 917.61 507.21
1 925.46 570.38 948.46 589.38
1 828.28 500.13 846.28 514.13
1 767.45 583.46 779.45 594.46
1 539.57 511.43 553.57 530.43
1 22.34 366.32 44.34 380.32
1 71.94 370.19 79.94 383.19
1 47.23 390.58 66.23 404.58
1 325.3 147.32 344.3 165.32
1 321.39 121.39 334.39 142.39
1 404.24 190.43 419.24 216.43
1 409.48 296.05 431.48 325.05
1 421.44 736.97 457.44 759.97
1 700.47 604.51 713.47 623.51
1 807.51 693.15 823.51 712.15
1 668.65 92.47 685.65 112.47
1 533.44 428.32 552.44 460.32
1 900.0 826.0 901.0 827.0
1 685.8 268.57 714.8 297.57
