0 130.3 30.23 157.3 57.23
0 147.59 195.12 178.59 231.12
0 181.29 266.18 236.29 312.18
0 -2.03 201.24 39.97 257.24
0 149.28 308.39 161.28 324.39
0 17.06 392.1 45.06 422.1
0 22.83 485.3 94.83 523.3
0 374.43 62.99 392.43 88.99
0 294.4 269.92 334.4 340.92
0 234.28 360.04 268.28 409.04
0 258.42 361.89 302.42 392.89
0 98.18 409.04 126.18 450.04
0 597.17 237.16 673.17 301.16
0 450.32 272.53 481.32 304.53
0 389.69 760.3 420.69 807.3
0 407.39 309.39 453.39 342.39
0 367.3 555.12 412.3 613.12
0 162.41 571.36 193.41 616.36
0 299.96 821.83 355.96 880.83
0 769.48 161.5 803.48 209.5
0 669.59 73.05 720.59 106.05
0 784.58 26.48 807.58 71.48
0 852.12 185.4 888.12 229.4
0 961.51 402.09 1024.51 466.09
0 870.29 480.1 924.29 520.1
0 884.5 728.21 952.5 789.21
0 586.59 477.07 628.59 507.07
0 638.61 474.2 679.61 502.2
0 922.35 619.01 958.35 669.01
0 569.59 688.09 610.59 721.09
0 499.41 861.42 523.41 912.42
0 742.27 935.17 766.27 984.17
0 700.33 727.51 732.33 761.51
0 822.57 746.61 840.57 782.61
0 948.54 685.99 978.54 726.99
0 597.08 633.45 628.08 676.45
0 883.27 552.21 916.27 599.21
0 768.08 572.62 796.08 595.62
0 117.3 784.12 166.3 849.12
0 37.05 840.7 65.05 872.7
0 194.1 853.5 217.1 886.5
0 94.49 874.1 168.49 978.1
0 388.31 640.16 436.31 681.16
0 957.03 741.45 1027.03 854.45
0 813.8 393.41 842.8 419.41
0 334.53 328.71 371.53 375.71
0 735.0 -2.43 787.0 38.56
0 931.27 270.31 957.27 304.31
0 851.28 299.19 912.28 373.19
0 108.46 704.46 130.46 730.46
0 961.61 984.02 987.61 1025.02
0 333.35 680.53 357.35 709.53
0 819.76 950.56 848.76 973.56
0 297.34 670.54 313.34 692.54
0 251.23 701.13 268.23 721.13
0 731.88 50.81 759.88 89.81
2 133.42 321.57 182.42 379.57
2 140.38 424.6 165.38 447.6
2 101.67 610.9 152.67 658.9
2 209.16 174.13 256.16 226.13
2 158.55 48.09 185.55 75.09
2 349.35 17.95 381.35 44.95
2 218.88 49.66 300.88 129.66
2 52.3 242.41 74.3 271.41
2 474.69 14.55 495.69 39.55
2 587.39 46.45 612.39 69.45
2 746.24 271.84 771.24 304.84
2 818.07 124.09 854.07 167.09
2 962.79 227.2 1026.79 254.2
2 464.55 307.09 482.55 328.09
2 425.4 378.37 457.4 407.37
2 386.47 475.61 407.47 499.61
2 636.51 499.18 677.51 531.18
2 259.29 805.52 292.29 840.52
2 362.49 714.86 392.49 742.86
2 451.36 660.1 481.36 695.1
2 16.54 889.08 50.54 926.08
2 62.62 804.61 80.62 831.61
2 365.5 930.3 394.5 962.3
2 632.58 94.61 658.58 120.61
2 961.39 84.32 973.39 97.32
2 623.15 583.89 670.15 631.89
2 657.51 591.4 682.51 615.4
2 445.7 723.49 475.7 754.49
2 565.61 178.07 582.61 195.07
2 398.02 396.46 411.02 409.46
2 405.62 415.0 420.62 430.0
2 272.64 492.05 293.64 513.05
2 289.69 528.0 306.69 545.0
2 312.56 526.95 329.56 543.95
2 305.69 618.5 328.69 642.5
2 319.22 639.45 340.22 661.45
2 610.66 540.68 628.66 566.68
2 681.62 628.5 696.62 643.5
2 573.58 368.51 656.58 451.51
2 132.23 273.0 162.23 302.0
2 158.26 379.52 188.26 409.52
2 172.23 398.98 202.23 428.98
2 160.23 902.98 190.23 932.98
2 218.25 956.49 249.25 987.49
2 98.26 755.48 124.26 781.48
2 197.16 724.47 252.16 779.47
2 2.12 806.0 39.12 843.0
2 458.67 800.51 480.67 822.51
2 514.21 915.0 538.21 939.0
2 118.74 566.0 139.74 587.0
2 219.62 588.5 265.62 634.5
2 388.16 1008.9 411.16 1024.9
2 46.15 971.54 63.15 988.54
2 295.7 905.5 313.7 923.5
2 210.24 781.98 239.24 810.98
1 494.28 233.44 504.28 243.44
1 350.13 251.97 363.13 264.97
1 353.16 228.0 369.16 243.0
1 232.24 230.99 253.24 251.99
1 161.16 285.0 173.16 297.0
1 248.65 426.0 257.65 435.0
1 322.22 499.51 335.22 512.51
1 307.5 407.5 323.5 423.5
1 348.58 412.48 359.58 423.48
1 372.65 385.95 382.65 395.95
1 370.65 419.0 379.65 428.0
1 554.64 267.0 571.64 284.0
1 551.5 339.5 561.5 349.5
1 585.64 331.52 598.64 344.52
1 690.3 268.5 706.3 284.5
1 654.64 359.5 673.64 378.5
1 737.15 443.02 755.15 461.02
1 647.15 536.51 661.15 550.51
1 623.17 583.47 642.17 602.47
1 694.6 646.5 711.6 663.5
1 700.6 678.43 713.6 693.43
1 14.15 600.36 24.15 611.36
1 36.0 614.0 46.0 627.0
1 77.24 593.08 90.24 604.08
1 104.56 499.57 112.56 508.57
1 107.56 534.57 115.56 543.57
1 318.04 557.53 329.04 571.53
1 336.2 562.5 353.2 575.5
1 360.58 480.47 376.58 502.47
1 201.66 714.0 214.66 731.0
1 169.13 766.05 186.13 785.05
1 188.57 801.56 197.57 809.56
1 195.11 909.1 209.11 926.1
1 84.06 969.55 93.06 980.55
1 -0.45 961.92 12.55 975.92
1 80.2 943.05 98.2 959.05
1 573.69 416.5 588.69 427.5
1 305.62 470.03 315.62 478.03
1 251.18 658.93 262.18 670.93
1 370.6 760.39 384.6 777.39
1 385.12 743.39 394.12 755.39
1 402.3 743.5 411.3 750.5
1 484.6 831.43 497.6 846.43
1 486.11 771.1 500.11 788.1
1 569.28 762.55 583.28 774.55
1 429.63 988.5 443.63 1002.5
1 388.75 979.5 406.75 997.5
1 655.61 734.5 671.61 750.5
1 454.18 983.5 467.18 996.5
1 417.36 926.5 426.36 935.5
1 412.57 886.48 425.57 899.48
1 407.57 832.49 421.57 846.49
1 68.24 557.04 83.24 572.04
1 41.5 939.5 52.5 950.5
1 730.19 287.46 749.19 306.46
1 438.16 499.5 450.16 511.5
1 212.12 636.5 227.12 651.5
1 498.19 979.49 512.18 993.49
1 371.73 623.46 387.73 635.46
1 636.65 333.12 650.65 353.12
1 128.05 896.43 140.05 913.43
1 666.55 856.57 677.55 870.57
1 672.16 903.95 688.16 924.95
