0 579.02 397.09 657.02 485.09
0 289.09 229.53 373.09 306.53
0 404.07 483.54 448.07 536.54
0 45.55 707.03 124.55 817.03
0 596.24 806.58 675.24 870.58
0 852.38 411.21 897.38 462.21
0 504.37 824.95 570.37 904.95
0 813.39 250.56 857.39 289.56
0 255.64 241.54 286.64 285.54
0 682.54 516.0 845.54 704.0
0 398.65 685.99 444.65 721.99
2 538.59 255.49 593.59 310.49
2 186.63 449.5 225.63 488.5
2 333.65 748.5 400.65 815.5
2 294.1 853.01 336.1 895.01
2 343.2 872.01 377.2 906.01
2 516.04 655.96 544.04 757.96
2 444.59 135.48 475.59 182.48
2 306.02 324.05 336.02 422.05
2 833.65 845.5 886.65 898.5
1 310.02 77.06 332.02 108.06
1 39.6 111.23 53.6 136.24
1 66.14 162.07 92.14 185.07
1 425.3 244.01 446.3 275.01
1 518.57 142.6 531.57 159.6
1 422.72 419.13 457.72 449.13
1 307.5 812.21 336.5 829.21
1 391.34 975.07 422.34 994.07
1 597.59 929.3 629.59 961.3
1 733.62 903.17 766.62 946.17
1 866.13 742.22 884.13 766.22
1 902.35 730.23 929.35 771.23
1 979.51 456.2 1003.51 493.2
1 911.37 287.19 926.37 306.19
1 974.18 60.45 994.18 88.45
1 898.68 29.19 919.68 48.19
1 683.4 454.28 701.4 472.28
