0 39.48 203.42 118.48 290.42
0 256.16 433.12 353.16 571.12
0 419.04 614.24 530.04 702.24
0 149.58 753.16 251.58 820.16
0 1004.08 595.91 1142.08 686.91
0 1224.27 409.33 1384.27 622.33
0 1731.28 355.14 1850.28 511.14
0 1900.05 541.2 2043.05 668.2
0 1660.27 463.53 1741.27 540.53
0 1653.21 727.21 1754.21 794.21
0 1748.44 903.11 1833.44 1013.11
0 1324.08 690.2 1425.08 828.2
0 380.36 944.62 431.36 1011.62
0 642.43 901.06 723.43 957.06
0 1567.57 826.52 1650.57 926.52
0 1132.48 870.63 1202.48 958.63
0 1901.2 1087.38 2002.2 1153.38
0 713.38 1212.31 805.38 1273.31
0 319.68 1540.45 390.68 1594.45
2 759.29 169.33 857.29 265.33
2 10.28 545.05 115.28 655.05
2 731.22 538.29 928.22 741.29
2 986.49 420.12 1156.49 587.12
2 1341.51 374.07 1545.51 584.07
2 1690.12 252.64 1803.12 362.64
2 1126.58 622.38 1270.58 761.38
2 1895.37 809.5 1977.37 889.5
2 162.24 868.2 245.24 950.2
2 201.08 1030.57 298.08 1127.57
2 129.33 670.55 238.33 780.55
2 1084.5 1079.4 1208.5 1201.4
2 1638.58 1283.98 1762.58 1412.98
2 19.37 1283.67 115.37 1376.67
2 1354.21 1662.37 1462.21 1769.37
2 308.17 1763.17 402.17 1852.17
2 117.44 1934.19 170.44 1987.19
2 411.05 102.52 535.05 240.52
2 398.66 571.36 461.66 653.36
2 1569.41 575.0 1694.41 662.0
2 1388.7 725.36 1498.7 805.36
2 771.12 348.05 845.12 451.05
2 76.59 1658.42 119.59 1724.42
2 619.14 1402.18 676.14 1457.18
2 432.48 1614.43 504.48 1673.43
2 511.36 1580.24 560.36 1634.24
2 1375.38 930.19 1435.38 989.19
2 874.16 1703.23 929.16 1771.23
2 1464.35 1877.54 1508.35 1921.54
2 626.24 421.37 782.24 521.37
2 730.48 1074.47 855.48 1169.47
2 38.47 1869.27 90.47 1911.27
1 250.12 143.38 304.12 196.38
1 287.08 261.62 368.08 347.62
1 559.24 522.46 610.24 576.46
1 1646.03 369.39 1700.03 420.39
1 1545.36 646.18 1629.36 725.18
1 1169.32 766.49 1237.32 831.49
1 481.46 711.37 541.46 773.37
1 279.13 746.0 327.13 800.0
1 116.45 628.01 156.45 670.01
1 44.46 513.92 99.46 569.92
1 433.49 890.46 491.49 952.46
1 464.35 989.22 509.35 1037.22
1 550.78 994.99 609.78 1058.99
1 633.68 1012.34 676.68 1060.34
1 799.42 919.28 878.42 997.28
1 1016.18 976.21 1090.18 1047.21
1 1232.51 952.37 1302.51 1025.37
1 1403.42 1030.28 1477.42 1103.28
1 1474.22 1078.1 1535.22 1141.1
1 1582.64 1070.14 1659.64 1146.14
1 1977.42 1155.87 2050.43 1243.87
1 1938.59 1220.2 2004.59 1293.2
1 1548.1 1166.36 1599.1 1218.36
1 1517.24 1234.27 1581.24 1297.27
1 1346.58 1246.89 1448.58 1336.89
1 1378.39 1333.4 1444.39 1403.4
1 1100.66 1196.54 1158.66 1258.54
1 1161.6 1277.36 1238.6 1361.36
1 914.3 1138.28 953.3 1179.28
1 921.42 1195.35 955.42 1232.35
1 431.52 1081.78 496.52 1143.78
1 179.51 975.36 258.51 1057.36
1 365.35 1142.29 406.35 1184.29
1 265.4 1207.18 319.4 1263.18
1 120.3 1206.08 161.3 1252.08
1 184.32 1291.99 241.32 1349.99
1 6.25 1361.3 67.25 1424.3
1 524.38 1276.27 593.38 1341.27
1 701.82 1352.23 767.82 1421.23
1 571.49 1472.46 662.49 1567.46
1 813.57 1481.34 876.57 1543.34
1 890.53 1261.26 952.53 1322.26
1 1020.52 1306.52 1061.52 1344.52
1 983.11 1441.25 1068.11 1525.25
1 1177.37 1389.48 1241.37 1454.48
1 1227.12 1540.16 1262.12 1576.16
1 1424.42 1455.48 1511.42 1541.48
1 1568.37 1398.31 1649.37 1476.31
1 1835.28 1371.9 1924.28 1459.9
1 1945.95 1559.2 1990.95 1609.2
1 1738.21 1476.26 1810.21 1545.26
1 1666.72 1533.35 1734.72 1601.35
1 1728.1 1603.97 1817.1 1689.97
1 1206.19 1597.51 1252.19 1641.51
1 1202.59 1654.51 1292.59 1740.51
1 1068.35 1617.1 1148.35 1692.1
1 978.41 1704.32 1045.41 1773.32
1 749.04 1692.26 791.04 1730.26
1 649.47 1697.44 737.47 1783.44
1 610.56 1785.26 672.56 1845.26
1 558.53 1866.98 626.53 1934.98
1 390.29 1842.14 467.29 1914.14
1 229.23 1920.95 285.23 1975.95
1 416.42 1954.47 456.42 1991.47
1 615.73 1956.19 685.73 2023.19
1 737.58 1985.71 802.58 2048.71
1 838.61 1863.41 903.61 1926.41
1 1141.81 1788.13 1175.81 1821.13
1 1167.42 1832.49 1202.42 1865.49
1 1307.46 1775.2 1368.46 1834.2
1 1257.38 1846.52 1314.38 1900.52
1 1573.97 1729.55 1658.97 1821.55
1 1550.15 1938.31 1603.15 1992.31
1 1368.39 1908.27 1411.39 1952.27
1 1852.17 1790.38 1898.17 1834.38
1 1744.07 1905.12 1847.07 2004.12
1 1817.98 1730.02 1864.98 1775.02
1 1907.11 1885.49 1981.11 1959.49
1 1923.21 2011.9 1970.21 2049.9
