0 1031.24 1235.52 1133.24 1360.52 111
0 1345.4 1381.23 1419.4 1435.23 111
0 1159.47 1672.55 1234.47 1725.55 111
0 819.21 1498.37 944.21 1581.37 111
0 672.32 1552.04 794.32 1650.04 111
0 744.74 1111.3 825.74 1215.3 111
0 605.47 932.43 729.47 1011.43 111
0 791.58 906.17 861.58 1016.17 111
0 636.45 1242.54 741.45 1310.54 111
0 636.45 1242.54 741.45 1310.54 111
0 1129.65 415.29 1172.65 472.29 111
0 810.34 425.45 916.34 514.45 111
0 810.34 425.45 916.34 514.45 111
0 1430.31 183.58 1481.31 263.58 111
0 1100.38 191.94 1168.38 242.94 111
0 1342.2 908.14 1413.2 962.14 111
2 1251.5 507.48 1387.5 643.48 100
2 922.22 964.95 1037.22 1079.95 100
2 904.25 787.81 1009.25 892.81 100
2 517.44 267.33 716.44 467.33 100
2 743.32 33.03 833.32 123.03 100
2 1949.53 772.39 2042.53 865.39 100
2 1065.05 924.06 1176.05 1035.06 100
2 1390.92 1708.13 1492.92 1809.13 100
2 1526.97 1878.96 1607.97 1959.96 100
2 1526.97 1878.96 1607.97 1959.96 100
2 1898.21 1717.46 1953.21 1772.46 100
2 1709.29 1409.25 1762.29 1462.25 100
2 1147.28 1126.34 1222.28 1200.34 100
2 883.61 1384.39 953.61 1453.39 100
2 1223.25 84.25 1281.25 142.25 100
2 1231.43 134.22 1291.43 193.22 100
2 1626.86 875.32 1703.86 952.32 100
2 1775.09 968.41 1874.09 1067.41 100
2 1806.48 1158.33 1867.48 1220.33 100
2 1769.45 1131.02 1809.45 1171.02 100
2 1289.48 672.98 1340.48 722.98 100
2 1469.3 537.37 1583.3 598.37 100
2 648.1 596.13 711.1 705.13 100
2 667.3 501.5 756.3 548.5 100
2 1531.44 1068.02 1554.44 1139.02 100
2 1218.22 938.75 1350.22 992.75 100
2 1044.53 1322.31 1107.53 1451.31 100
2 1022.06 1658.63 1075.06 1754.63 100
2 724.66 1867.11 879.66 1950.11 100
2 811.07 1912.42 888.07 2021.42 100
2 1751.54 94.28 1799.54 172.28 100
1 1242.28 756.89 1317.28 831.89 BD
1 1417.39 752.38 1454.39 790.38 BD
1 1764.14 464.53 1830.14 530.53 BD
1 1640.38 611.09 1675.38 647.09 BD
1 1475.64 636.27 1518.64 680.27 BD
1 1445.1 817.38 1500.1 872.38 BD
1 1553.11 945.4 1597.11 989.4 BD
1 1321.46 1133.13 1369.46 1181.13 BD
1 1287.02 1227.16 1349.02 1289.16 BD
1 1434.63 1290.53 1510.63 1366.53 BD
1 1734.44 1257.19 1789.44 1311.19 BD
1 1922.49 1039.07 1947.49 1064.07 BD
1 1723.56 782.15 1769.56 828.15 BD
1 1712.22 737.15 1750.22 775.15 BD
1 1662.31 723.22 1687.31 749.22 BD
1 1780.11 654.9 1805.11 679.9 BD
1 1915.41 598.92 1960.41 643.92 BD
1 1870.3 208.19 1932.3 269.19 BD
1 1969.55 437.23 2022.55 490.23 BD
1 1623.22 167.41 1680.22 224.41 BD
1 1542.46 137.15 1577.46 172.15 BD
1 983.4 228.21 1040.4 286.21 BD
1 1069.48 510.29 1116.48 558.29 BD
1 904.4 526.2 972.4 594.2 BD
1 925.29 636.42 988.29 698.42 BD
1 1090.65 690.91 1150.65 750.91 BD
1 733.53 655.24 800.53 722.24 BD
1 1013.32 826.07 1062.32 876.07 BD
1 882.02 1302.87 964.02 1384.87 BD
1 920.86 1478.0 1013.86 1571.0 BD
1 1065.2 1507.38 1136.2 1578.38 BD
1 924.37 1720.25 1001.37 1797.25 BD
1 1470.39 1568.13 1545.39 1643.13 BD
1 1428.97 1468.59 1497.97 1537.59 BD
1 1536.5 1389.44 1598.5 1451.44 BD
1 1777.68 1568.12 1807.68 1597.12 BD
1 1656.19 1643.29 1690.19 1678.29 BD
1 1929.68 1615.34 1976.68 1663.34 BD
1 1982.39 1490.5 2046.39 1555.5 BD
1 1959.66 1345.92 2001.66 1387.92 BD
1 1622.0 1775.01 1666.0 1819.01 BD
1 1638.33 1716.21 1677.33 1755.21 BD
1 1906.24 1932.17 1951.24 1977.17 BD
1 1889.42 1842.21 1922.42 1874.21 BD
1 1747.24 1776.28 1810.24 1839.28 BD
1 1734.11 1928.3 1799.11 1993.3 BD
1 1469.41 1928.13 1515.41 1975.13 BD
1 1271.22 1767.55 1334.22 1829.55 BD
1 1267.26 1767.59 1338.26 1838.59 BD
1 1357.04 1992.06 1377.04 2012.06 BD
1 1181.71 1954.41 1209.71 1982.41 BD
1 1110.71 1995.18 1130.71 2015.18 BD
1 1219.45 2015.06 1257.45 2049.06 BD
1 1279.09 250.38 1369.09 340.38 BD
1 1066.36 1844.98 1116.36 1895.98 BD
