0 -2.09 302.51 193.91 443.51
0 249.04 375.02 379.04 555.02
0 159.88 -2.1 256.88 56.9
0 85.61 104.51 120.61 145.51
0 812.14 143.49 864.14 216.49
0 579.6 551.52 636.6 630.52
0 441.58 622.01 476.58 672.01
0 275.67 706.01 356.67 764.01
0 448.06 163.49 490.06 222.49
0 416.59 124.02 451.59 174.02
0 591.11 968.5 635.11 1013.5
0 885.58 940.02 944.58 982.02
0 32.13 246.5 64.13 283.5
0 690.58 427.05 729.58 479.05
0 547.69 307.03 596.69 341.03
0 66.68 531.0 121.68 575.0
2 437.22 561.05 469.22 587.05
2 94.69 231.03 133.69 265.03
2 6.21 204.44 36.21 235.44
2 197.54 510.95 250.54 584.95
1 6.68 63.49 37.68 96.49
1 197.23 211.99 229.23 243.99
1 312.25 143.0 340.25 169.0
1 2.24 154.0 28.24 178.0
1 342.61 221.52 377.61 260.52
1 519.73 237.49 544.73 264.49
1 595.24 262.0 627.24 294.0
1 729.24 198.01 763.24 232.01
1 758.21 163.0 782.21 187.0
1 754.24 270.0 782.24 298.0
1 725.2 358.01 759.2 392.01
1 0.0 0.0 1024.0 1024.0
1 612.68 393.02 648.68 429.02
1 555.69 403.03 588.69 436.03
1 539.15 476.99 574.15 511.99
1 613.15 473.53 652.15 512.53
1 715.19 516.0 743.19 544.0
1 889.24 466.02 911.24 488.02
1 875.72 383.99 903.72 411.99
1 912.72 271.5 936.72 295.5
1 495.76 284.0 511.76 300.0
1 589.64 142.52 602.64 155.52
1 491.67 440.02 525.67 474.02
1 975.7 359.05 997.7 381.05
1 903.72 157.98 927.72 181.98
1 535.24 628.02 564.24 657.02
1 583.66 653.98 601.66 671.98
1 594.59 826.5 645.59 877.5
1 622.21 514.0 655.21 547.0
1 273.16 792.01 311.16 830.01
1 133.74 645.51 166.74 678.51
1 2.23 886.01 32.23 916.01
1 81.69 933.5 114.69 966.5
1 100.6 799.51 119.6 818.51
