0 474.05 444.17 550.05 557.17
0 895.36 278.07 942.36 322.07
0 168.59 647.87 211.59 710.87
0 117.45 31.24 169.45 67.24
0 261.68 76.68 306.68 112.68
0 55.61 424.88 95.61 453.88
2 622.91 386.33 650.91 412.33
2 657.11 578.07 671.11 595.07
2 177.16 942.4 203.16 960.4
2 816.58 259.46 858.58 296.46
2 643.24 344.04 690.24 392.04
1 605.35 628.31 621.35 645.31
1 344.09 970.47 371.09 997.47
1 726.21 862.18 739.21 875.18
1 808.55 614.11 830.55 635.11
1 719.34 634.16 731.34 647.16
1 924.62 88.5 939.62 103.5
1 1.17 303.4 12.17 315.4
1 443.3 55.5 455.3 68.5
1 574.62 152.5 589.62 167.5
1 598.34 333.23 616.34 352.23
1 827.44 30.51 846.44 49.51
1 859.44 997.23 874.44 1012.23
1 342.36 850.83 351.36 859.83
