0 849.09 297.16 911.09 372.16
0 810.41 586.34 855.41 616.34
0 755.57 886.31 788.57 936.31
0 232.01 732.52 259.01 767.52
0 398.68 502.38 421.68 529.38
0 645.14 330.43 667.14 365.43
0 518.23 622.23 567.23 692.23
0 229.31 111.33 259.31 131.33
0 478.01 52.17 501.01 76.17
0 967.64 168.37 1004.64 202.37
0 424.38 708.95 449.38 750.95
0 122.19 232.88 146.19 258.88
0 145.36 500.38 201.36 558.38
0 78.35 535.34 92.35 564.34
0 573.43 763.1 601.43 793.1
0 629.64 723.71 694.64 778.71
0 306.62 167.56 333.62 208.56
0 258.04 836.54 285.04 863.54
0 -0.46 872.01 27.54 919.01
0 209.56 414.53 233.56 434.53
0 941.61 859.17 986.61 902.17
0 365.41 770.01 388.41 802.01
0 100.27 932.32 157.27 1001.32
0 729.61 168.22 748.61 191.22
0 529.99 179.74 546.99 201.74
0 529.99 179.74 546.99 201.74
0 937.68 366.39 962.68 400.39
0 705.26 791.62 760.26 869.62
2 227.41 51.18 243.41 70.18
2 379.12 184.76 397.12 205.76
2 839.77 494.17 869.77 525.17
2 276.39 83.37 301.39 112.37
2 301.19 242.44 323.19 265.44
2 326.57 468.46 352.57 494.46
2 581.59 813.19 630.59 868.19
2 567.47 794.01 587.47 818.01
2 967.67 270.02 984.67 290.02
2 344.54 634.9 369.54 661.9
2 952.84 208.6 976.84 232.6
2 891.44 405.12 962.44 459.12
2 187.4 828.31 227.4 870.31
2 220.29 543.24 253.29 578.24
2 449.63 662.87 494.63 708.87
2 457.06 126.46 495.06 152.46
2 439.16 247.14 477.16 282.14
2 241.71 791.08 279.71 830.08
2 881.78 168.32 927.78 217.32
2 565.95 372.02 608.95 413.02
2 70.64 151.56 96.64 177.56
2 154.36 155.02 183.36 185.02
2 488.37 270.05 505.37 287.05
1 724.74 305.48 740.74 322.48
1 585.32 511.32 600.32 527.32
1 393.06 351.15 403.06 362.15
1 499.5 299.24 507.5 306.24
1 462.25 315.45 479.25 332.45
1 421.09 340.92 435.09 354.92
1 400.17 310.59 416.17 326.59
1 306.58 532.59 317.58 543.59
1 253.09 680.92 267.09 694.92
1 156.16 832.1 168.16 844.1
1 126.35 836.27 136.35 846.27
1 24.1 855.08 36.1 866.08
1 424.86 892.25 433.86 901.25
1 434.26 877.33 444.26 888.33
1 590.21 1003.04 603.21 1017.04
1 851.18 795.38 862.18 807.38
1 879.41 810.41 890.41 821.41
1 921.5 933.99 937.5 949.99
1 941.28 1003.36 956.28 1019.36
1 966.22 628.38 979.22 642.38
1 884.27 508.37 893.27 518.37
1 906.63 462.45 921.63 477.45
1 711.41 378.3 727.41 395.3
1 681.32 364.46 696.32 379.46
1 597.32 365.18 612.32 380.18
1 555.1 164.41 569.1 178.41
1 831.4 92.26 846.4 106.26
1 940.25 260.42 953.25 274.42
1 975.48 319.37 991.48 335.37
1 642.71 631.16 658.71 646.16
1 195.51 580.03 215.51 600.03
1 56.19 213.99 76.19 233.99
1 86.29 243.28 103.29 259.28
1 88.25 31.01 105.25 48.01
1 622.76 195.96 638.76 211.96
1 175.35 759.17 190.35 774.17
1 4.64 436.26 19.64 450.26
1 12.95 499.51 33.95 520.51
1 279.41 709.38 295.41 725.38
1 703.84 691.03 725.84 713.03
1 218.19 703.99 238.19 723.99
1 351.98 702.5 370.98 721.5
1 365.17 740.24 379.17 754.24
1 460.23 365.06 473.23 379.06
1 673.36 640.5 692.36 659.5
1 727.2 652.39 745.2 670.39
1 926.57 824.34 948.57 846.34
1 575.67 905.91 596.67 925.91
1 775.41 557.13 794.41 576.13
1 426.4 630.36 439.4 640.36
1 996.18 797.16 1012.18 812.16
1 418.43 -0.46 435.43 15.54
1 707.18 509.34 725.18 529.34
1 512.37 411.29 529.37 435.29
1 356.33 141.49 373.33 161.49
1 216.66 361.01 235.66 380.01
1 873.45 533.94 893.45 553.94
1 979.29 957.33 1006.29 985.33
1 984.32 241.12 1005.32 261.12
