0 101.29 99.39 160.29 183.39
0 532.24 98.51 577.24 161.51
0 103.6 183.28 172.6 238.28
0 96.73 292.11 187.73 349.11
0 234.56 631.12 313.56 710.12
0 321.46 684.46 409.46 755.46
0 253.23 427.23 335.23 478.23
0 252.98 389.06 317.98 439.06
0 22.4 201.08 68.4 275.08
0 402.5 812.46 464.5 851.46
0 770.61 738.19 857.61 807.19
0 929.11 751.66 971.11 821.66
0 646.15 605.21 695.15 688.21
0 771.93 379.27 814.93 435.27
0 895.11 71.85 921.11 114.85
0 549.43 248.52 585.43 303.52
0 876.15 264.31 916.15 302.31
0 787.0 637.25 844.0 677.25
0 492.27 576.13 565.27 649.13
0 486.67 412.13 537.67 465.13
0 186.4 613.46 232.4 666.46
0 203.18 780.64 282.18 864.64
0 119.3 756.4 214.3 814.4
0 48.39 684.23 101.39 729.23
0 260.73 533.25 288.73 580.25
0 528.21 774.01 561.21 826.01
0 785.0 533.17 834.0 580.17
0 362.13 106.15 402.13 151.15
0 608.82 337.16 657.82 389.16
0 181.03 29.96 250.03 73.96
2 644.04 141.89 715.04 212.89
2 620.18 58.42 665.18 104.42
2 580.32 123.54 625.32 168.54
2 668.28 254.18 713.28 299.18
2 822.23 312.12 867.23 357.12
2 931.62 343.37 963.62 375.37
2 893.15 385.01 935.15 427.01
2 892.25 418.15 941.25 467.15
2 920.4 462.18 957.4 499.18
2 988.4 431.64 1025.4 473.64
2 621.15 509.01 679.15 567.01
2 673.08 550.39 719.08 596.39
2 485.11 458.33 559.11 532.33
2 404.63 457.1 479.63 532.1
2 348.31 407.54 421.31 480.54
2 267.67 527.51 336.67 596.51
2 718.41 775.04 804.41 861.04
2 690.55 829.32 785.55 925.32
2 922.32 911.49 991.32 980.49
2 984.6 848.1 1022.6 885.1
2 609.46 432.0 657.46 480.0
2 49.1 822.32 131.1 904.32
2 117.29 895.5 193.29 972.5
2 179.05 828.99 265.05 914.99
2 104.57 511.87 203.57 610.87
2 -3.74 46.44 72.25 145.44
2 305.66 266.13 366.66 327.13
2 115.61 246.2 176.61 307.2
2 488.33 -0.9 525.33 34.1
2 805.43 58.18 853.43 107.18
2 824.12 140.0 868.12 184.0
2 850.36 101.27 887.36 137.27
2 599.12 780.08 665.12 845.08
2 407.46 755.35 467.46 815.35
2 436.2 746.42 485.2 796.42
2 878.02 599.17 927.02 647.17
2 576.29 420.33 613.29 458.33
2 162.02 427.33 210.02 506.33
2 38.23 399.11 95.23 481.11
2 476.52 335.26 542.52 379.26
2 427.65 249.26 462.65 272.26
2 379.59 61.42 419.59 89.42
2 753.24 275.32 780.24 315.32
2 905.51 671.76 930.51 708.76
2 851.5 841.23 876.5 883.23
2 814.56 875.71 849.56 936.71
2 563.17 739.66 654.17 785.66
2 484.5 861.04 566.5 915.04
2 289.01 807.02 386.01 861.02
2 461.23 943.5 500.23 999.5
2 539.19 970.44 562.19 1003.44
2 731.27 489.21 762.27 513.21
2 960.89 583.79 1004.89 610.79
2 950.64 572.67 969.64 599.67
2 934.08 314.12 962.08 350.12
2 158.6 59.11 220.6 90.11
2 392.57 913.36 443.57 965.36
2 343.81 870.36 417.81 944.36
2 273.29 889.48 328.29 969.48
2 295.52 779.31 359.52 819.31
1 772.19 214.26 800.19 244.26
1 822.19 189.0 842.19 211.0
1 966.37 30.38 983.37 48.38
1 735.69 49.85 760.69 76.85
1 634.19 250.43 654.19 272.43
1 377.38 560.0 396.38 580.0
1 538.19 664.07 558.19 685.07
1 830.7 686.22 849.7 707.22
1 880.75 496.0 903.75 520.0
1 992.52 525.07 1010.52 544.07
1 950.49 545.08 968.49 564.08
1 868.33 434.5 889.33 457.5
1 394.85 164.94 422.85 194.94
1 576.75 964.0 599.75 988.0
1 645.72 857.64 670.72 883.64
1 401.41 650.02 420.41 670.02
1 6.3 923.75 23.3 942.75
