0 29.94 89.98 77.94 135.98
0 3.28 -0.02 49.28 39.98
0 386.01 64.01 429.01 99.01
0 324.4 292.06 354.4 313.06
0 407.95 340.98 432.95 360.98
0 55.38 151.94 96.38 175.94
0 405.12 180.22 424.12 203.22
0 747.02 178.7 767.02 202.7
0 890.34 738.01 923.34 762.01
0 792.07 836.72 820.07 862.72
0 464.02 136.63 487.02 164.63
0 659.12 358.81 683.12 381.81
0 348.32 920.01 372.32 937.01
0 489.26 43.01 514.26 68.01
0 347.11 484.17 366.11 502.17
0 189.15 244.76 221.15 270.76
0 83.2 427.19 109.2 451.19
2 156.41 10.75 218.41 23.75
2 147.23 134.01 187.23 141.01
2 240.13 131.59 277.13 142.59
2 278.25 52.99 332.25 66.0
2 306.09 80.9 354.09 92.9
2 118.3 211.02 160.3 221.02
2 184.16 975.52 222.16 1014.52
2 96.12 768.01 143.12 815.01
2 354.13 712.12 400.13 758.12
2 -1.28 874.0 23.72 909.0
2 457.71 999.84 505.71 1025.84
2 471.25 223.05 503.25 255.05
2 213.0 147.88 253.0 187.88
2 99.96 27.82 146.96 74.82
2 746.3 15.07 794.3 63.07
2 509.0 267.87 555.0 313.87
2 679.34 132.15 713.34 166.15
2 495.3 561.11 530.3 596.11
2 658.2 577.14 701.2 620.14
2 708.29 835.18 752.29 879.18
2 688.31 872.11 726.31 910.11
2 429.28 687.53 456.28 704.53
2 417.25 748.94 431.25 773.94
2 558.33 888.07 586.33 904.07
2 371.71 338.06 396.71 349.06
2 327.27 434.92 349.27 444.92
2 896.61 86.89 926.61 115.89
2 1000.79 482.0 1025.8 522.0
2 771.05 732.92 784.05 761.92
2 917.23 599.02 943.23 611.02
2 936.23 364.02 963.23 376.02
2 890.29 182.99 916.29 194.99
1 747.09 141.82 765.09 159.82
1 972.99 312.93 990.99 330.93
1 823.95 283.75 842.95 302.75
1 932.33 232.23 950.33 250.23
1 682.24 113.52 700.24 132.52
1 638.0 150.0 655.0 167.0
1 839.78 484.62 858.78 503.62
1 962.92 435.72 978.92 451.72
1 722.22 473.03 739.22 490.03
1 562.81 811.6 578.81 827.6
1 651.0 909.0 667.0 925.0
1 748.25 896.13 767.25 915.13
1 972.29 742.05 996.29 766.05
1 971.14 936.0 983.14 948.0
1 890.14 833.97 908.14 851.97
1 715.94 710.89 732.94 727.89
1 614.69 655.59 630.69 671.59
1 657.17 557.91 670.17 570.91
1 438.25 39.02 458.25 59.02
1 458.98 98.9 472.98 112.9
1 597.0 186.0 613.0 202.0
1 195.92 381.67 211.92 397.67
1 67.1 382.0 83.1 398.0
1 185.09 456.72 211.09 482.72
1 253.29 622.19 270.29 639.19
1 161.32 630.16 177.32 646.16
1 94.19 583.1 112.19 601.1
1 438.05 525.8 461.05 548.8
1 540.04 429.81 559.04 448.81
1 648.9 441.71 664.9 457.71
1 18.08 514.9 37.08 533.9
1 10.18 655.06 26.18 671.06
1 8.33 602.16 27.33 621.16
1 284.32 660.18 304.32 680.18
1 255.0 739.0 273.0 757.0
1 219.31 766.7 237.31 785.7
1 196.4 795.16 217.4 816.16
1 111.05 684.89 129.05 702.89
1 135.33 977.16 154.33 996.16
1 177.22 891.0 200.22 914.0
1 86.38 870.13 119.38 903.13
