0 869.52 325.36 910.52 365.36
0 442.36 527.26 478.36 570.26
0 775.2 695.52 824.2 726.52
0 970.66 775.43 1007.66 813.43
0 816.57 867.71 866.57 898.71
0 525.39 600.23 555.39 643.23
0 993.05 919.92 1026.05 949.92
0 572.15 695.29 598.15 729.29
0 270.5 893.07 320.5 952.07
0 0.45 905.36 30.45 941.36
0 44.06 954.54 76.06 1005.54
0 358.52 892.14 403.52 921.14
0 393.12 937.15 463.12 980.15
0 782.36 948.38 827.36 978.38
0 105.46 580.1 144.46 609.1
0 733.71 567.13 782.71 604.13
0 849.15 799.23 894.15 837.23
2 447.61 109.96 490.61 154.96
2 472.07 155.01 520.07 205.01
2 180.61 214.49 237.61 273.49
2 99.14 249.49 154.13 309.49
2 165.19 329.51 196.19 363.51
2 397.15 431.04 433.15 469.04
2 476.62 270.51 513.62 311.51
2 602.05 146.5 644.05 192.5
2 652.09 178.53 692.09 221.53
2 763.2 204.97 796.2 240.97
2 669.18 309.49 701.18 343.49
2 692.12 351.49 728.12 390.49
2 544.04 416.48 592.04 469.48
2 518.71 465.0 550.71 498.0
2 464.13 394.46 503.13 437.46
2 616.23 509.03 651.23 545.03
2 210.62 61.0 252.62 103.0
2 371.23 137.94 401.23 162.94
2 295.72 244.44 324.72 269.44
2 485.21 379.03 523.21 407.03
2 367.69 478.51 409.69 506.51
2 714.71 489.97 740.71 505.97
2 666.73 490.92 693.73 509.92
2 316.07 619.66 334.07 647.66
2 312.3 787.02 346.3 811.02
2 213.65 805.62 241.65 839.62
2 661.2 49.49 693.2 81.49
2 234.72 137.5 270.72 173.5
2 480.39 503.25 502.39 525.25
2 261.19 779.03 298.19 816.03
2 373.65 826.98 424.65 877.98
2 376.14 745.29 420.14 789.29
2 300.27 850.37 330.27 880.37
2 15.61 674.5 65.61 724.5
2 47.26 771.95 82.26 800.95
2 156.09 886.25 179.09 917.25
2 42.67 420.83 67.67 446.83
2 662.73 976.01 721.73 1008.01
2 94.29 349.33 133.29 389.33
2 888.4 143.99 928.4 183.99
2 700.1 300.0 736.1 336.0
2 822.09 911.67 838.09 943.67
2 948.6 351.63 969.6 388.63
2 929.18 271.63 948.18 297.63
2 669.67 656.64 685.67 678.64
1 354.2 375.5 387.2 408.5
1 364.16 321.99 380.16 337.99
1 450.71 331.5 475.71 356.5
1 568.66 328.51 590.66 350.51
1 522.23 293.51 542.23 313.51
1 738.18 270.0 760.18 291.0
1 752.27 316.5 776.27 340.5
1 769.23 269.51 789.23 289.51
1 809.22 252.99 832.22 275.99
1 774.21 479.47 807.21 512.47
1 793.24 431.49 824.24 462.49
1 892.24 470.0 917.24 495.0
1 390.69 651.49 424.69 685.49
1 295.21 702.0 315.21 722.0
1 260.22 645.99 291.22 676.99
1 276.21 611.0 300.21 635.0
1 263.68 309.51 292.68 338.51
1 287.74 311.5 316.74 340.5
1 258.66 469.49 297.66 508.49
1 370.24 690.0 395.24 715.0
1 651.27 395.54 681.27 425.54
1 590.73 509.5 617.73 536.5
1 662.75 579.5 687.75 604.5
1 634.19 551.46 656.19 576.46
1 648.2 599.47 680.2 629.47
1 457.66 586.45 483.66 621.45
1 359.68 549.44 388.68 580.44
1 536.62 752.87 548.62 769.87
1 656.66 747.95 677.66 768.95
1 480.73 924.5 503.73 947.5
1 540.26 777.48 566.26 803.48
1 446.16 826.5 487.16 867.5
1 529.72 834.99 549.72 854.99
1 599.72 828.5 635.72 864.5
1 845.22 670.53 879.22 704.53
1 745.69 628.49 768.69 651.49
1 823.71 489.5 857.71 521.5
1 990.7 402.42 1015.7 431.42
1 1002.64 419.93 1024.64 447.93
1 937.74 801.5 963.74 827.5
1 569.66 885.5 601.66 917.5
1 955.15 652.54 972.15 669.54
1 615.26 411.99 642.26 437.99
1 604.27 539.0 626.27 561.0
1 1001.13 252.5 1018.13 269.5
1 1001.24 270.48 1022.24 291.48
1 572.23 425.04 598.23 452.04
1 888.7 796.03 913.7 821.03
1 905.73 691.0 931.73 717.0
1 589.73 244.0 615.73 270.0
1 965.7 511.98 987.7 533.98
