0 592.23 571.3 653.23 671.3
0 478.05 614.0 546.05 730.0
0 660.98 709.59 733.98 751.59
0 315.1 740.53 421.1 819.53
0 142.37 678.78 215.37 747.78
0 859.96 701.22 910.96 772.22
0 374.51 428.45 428.51 483.45
0 487.4 460.19 531.4 521.19
0 759.22 535.65 822.22 585.65
0 840.11 547.25 884.11 611.25
0 103.42 621.94 159.42 677.94
2 728.29 109.18 769.29 150.18
2 517.64 66.99 582.64 132.99
2 427.23 251.45 482.23 308.45
2 285.21 197.25 332.21 245.25
2 984.63 91.24 1026.63 145.24
2 878.36 449.49 956.36 530.49
2 916.5 384.95 990.5 458.95
2 711.84 589.27 802.84 664.27
2 392.26 56.72 433.26 92.72
2 471.09 58.35 505.09 96.35
2 151.91 553.34 198.91 601.34
2 291.49 458.63 335.49 502.63
2 27.13 711.16 101.13 782.16
2 319.17 549.2 389.17 624.2
2 780.63 416.23 851.63 493.23
2 243.47 477.06 283.47 527.07
2 101.52 391.06 149.52 425.06
2 154.6 283.19 181.6 322.19
2 806.16 258.27 854.16 291.27
2 607.5 169.25 655.5 204.25
2 767.51 723.09 799.51 766.09
1 539.74 217.5 564.74 242.5
1 575.45 508.23 611.45 545.23
1 657.56 488.39 681.56 510.39
1 778.32 330.24 799.32 351.24
1 751.12 180.37 789.12 218.37
1 886.52 66.36 912.52 92.36
1 805.31 84.19 832.31 113.19
1 830.79 80.14 857.79 105.14
1 585.07 16.29 614.07 46.29
1 423.35 137.9 454.35 168.9
1 412.43 216.07 441.43 245.07
1 477.34 337.61 500.34 359.61
1 436.46 369.48 453.46 386.48
1 363.57 373.32 383.57 393.32
1 396.47 386.2 421.47 411.2
1 230.74 293.37 253.74 317.37
1 176.37 376.78 197.37 397.78
1 91.39 320.97 114.39 342.97
1 56.05 328.99 83.05 354.99
1 112.59 441.45 138.59 466.45
1 101.5 486.28 128.5 512.28
1 103.52 257.49 123.52 278.49
1 128.48 164.72 153.48 189.72
1 93.71 167.35 118.71 195.35
1 107.25 80.91 137.25 109.91
1 165.67 119.51 186.67 140.51
1 173.36 24.97 204.36 54.97
1 220.72 89.0 247.72 115.0
1 304.24 141.36 328.24 165.36
1 660.4 260.58 681.4 280.58
1 629.9 74.02 668.9 114.02
1 260.17 232.01 280.17 252.01
1 889.4 288.28 916.4 318.28
1 492.4 7.3 513.4 26.3
1 631.67 413.3 652.67 433.3
1 621.59 462.33 645.59 484.33
1 547.27 394.93 566.27 416.93
1 316.4 729.18 337.4 752.18
1 326.16 241.94 346.16 261.94
1 47.72 569.52 72.72 594.52
1 846.7 149.18 869.7 172.18
1 732.7 303.32 759.7 331.32
1 575.5 253.46 599.5 278.46
1 639.5 277.46 663.5 302.46
1 350.37 96.63 371.37 116.63
1 345.54 441.19 369.54 464.19
1 240.71 259.24 271.71 282.24
1 759.78 378.44 777.78 400.44
1 630.67 346.46 660.67 373.46
1 849.61 315.94 877.61 339.94
1 850.23 356.95 878.23 378.95
1 950.32 5.97 975.32 25.98
1 818.67 5.91 841.67 29.91
1 15.3 75.26 38.3 99.26
1 201.42 107.89 221.42 130.89
1 236.76 334.97 263.76 356.97
1 629.2 816.57 655.2 844.57
