0 355.46 539.05 396.46 586.05
0 485.27 663.39 532.27 700.39
0 502.29 402.42 536.29 428.42
0 66.7 752.89 91.7 782.89
0 558.38 915.1 595.38 964.1
0 50.21 159.91 86.21 197.91
0 908.61 923.07 945.61 954.07
0 694.28 858.18 717.28 884.18
0 46.62 380.08 67.62 416.08
0 587.33 91.67 622.33 133.67
0 524.22 984.1 554.22 1026.1
0 952.03 968.22 990.03 1020.22
0 4.31 978.14 37.31 1023.14
2 664.48 44.37 692.48 85.37
2 839.34 133.91 864.34 172.91
2 971.71 216.43 996.71 235.43
2 655.94 294.74 690.94 318.74
2 516.8 215.89 547.8 240.89
2 236.29 147.44 265.29 168.44
2 123.04 917.31 162.04 975.31
2 880.77 862.7 900.77 887.7
2 877.6 909.38 914.6 935.38
2 373.2 452.42 397.2 486.42
2 972.3 0.46 999.3 37.46
2 736.16 593.55 754.16 619.55
2 784.59 592.25 805.59 606.25
2 953.39 785.64 995.39 810.64
2 82.53 160.11 132.53 210.11
2 269.2 305.19 312.2 347.19
2 218.78 428.13 261.78 470.13
2 103.25 491.22 145.25 534.22
2 75.53 642.96 116.53 683.96
2 87.65 548.42 132.65 593.42
2 252.22 516.29 307.22 571.29
2 48.09 527.31 70.09 551.31
2 255.6 604.14 288.6 636.14
2 327.97 622.5 374.97 669.5
2 126.51 737.45 167.51 778.45
2 54.89 797.26 101.89 844.26
2 590.64 700.36 644.64 753.36
2 517.46 761.23 558.46 801.23
2 645.42 481.25 675.42 510.25
2 534.14 468.33 583.14 518.34
2 475.49 529.44 511.49 564.44
2 371.63 289.31 396.63 315.31
2 790.79 90.32 823.79 123.32
2 655.52 676.42 679.52 711.42
2 928.04 691.08 975.04 738.08
2 763.29 529.43 803.29 568.43
2 809.36 425.24 857.36 474.24
2 712.72 302.37 739.72 330.37
2 865.19 998.25 910.19 1026.25
1 66.96 78.47 101.96 113.47
1 47.23 124.37 71.23 148.37
1 198.32 80.4 233.32 116.4
1 120.27 50.33 155.27 86.33
1 287.33 70.14 314.33 97.14
1 319.67 98.5 340.67 119.5
1 362.43 7.25 386.43 36.25
1 407.4 -0.63 424.4 13.37
1 424.26 127.36 459.26 169.36
1 301.14 203.6 317.14 221.6
1 350.64 227.54 367.64 246.54
1 396.42 228.32 416.42 250.32
1 420.21 198.03 450.21 228.03
1 155.31 333.54 172.31 351.54
1 53.38 326.95 86.38 360.95
1 200.79 202.53 222.79 225.53
1 168.49 265.26 198.49 299.26
1 325.37 324.38 348.37 356.38
1 421.38 325.16 436.38 350.16
1 443.19 292.0 471.19 320.0
1 451.33 421.5 470.33 440.5
1 356.44 400.21 375.44 418.21
1 375.58 418.15 395.58 437.15
1 124.35 389.07 145.35 410.07
1 224.46 352.27 253.46 381.27
1 235.07 398.17 260.07 423.17
1 290.55 455.28 312.55 477.28
1 528.57 10.25 560.57 42.25
1 589.48 64.3 615.48 91.3
1 545.46 143.27 573.46 171.27
1 635.51 120.99 666.51 150.99
1 709.78 61.67 735.78 87.67
1 894.07 195.56 920.07 240.56
1 595.62 209.03 621.62 235.03
1 694.58 381.41 718.58 411.41
1 816.43 378.13 837.43 403.13
1 578.43 377.27 601.43 401.27
1 563.57 442.22 581.57 459.22
1 815.21 26.01 852.21 67.0
1 910.24 100.46 934.24 125.46
1 946.31 311.49 973.31 342.49
1 903.41 481.26 919.41 498.26
1 623.46 470.94 653.46 502.94
1 984.12 203.15 1020.12 242.15
1 674.38 389.1 697.38 414.1
1 507.25 559.36 522.25 577.36
1 453.19 605.19 471.19 624.19
1 103.13 888.17 119.13 905.17
1 340.31 935.99 359.31 957.99
1 311.03 970.15 332.03 993.15
1 361.58 974.26 383.58 999.26
1 396.21 988.11 420.21 1015.11
1 419.7 793.42 444.7 822.42
1 299.18 725.5 327.18 762.5
1 280.42 776.83 303.42 799.83
1 119.58 788.36 141.58 810.36
1 190.77 657.39 235.77 681.39
1 461.36 880.98 478.36 890.98
1 938.86 529.18 971.86 570.18
1 834.57 546.98 870.57 578.98
1 983.48 477.06 1025.48 524.06
1 841.37 599.8 860.37 618.8
1 822.27 670.33 856.27 704.33
1 893.43 645.29 909.43 662.29
1 877.74 618.25 900.74 640.25
1 739.65 642.11 763.65 665.11
1 673.38 658.9 694.38 676.9
1 724.54 680.54 740.54 696.54
1 782.67 753.13 807.67 778.13
1 785.4 780.23 815.4 810.23
1 745.51 742.27 773.51 771.27
1 627.17 842.99 661.17 876.99
1 765.24 865.6 789.24 889.6
1 842.07 850.45 867.07 875.45
1 728.1 418.0 744.1 434.0
1 20.39 535.28 40.39 556.28
1 407.58 760.94 433.58 786.94
1 710.33 960.01 741.33 992.01
1 737.41 995.27 766.41 1023.27
1 786.87 964.95 820.87 998.95
1 828.11 912.41 846.11 930.41
1 780.56 899.59 812.56 931.59
1 899.86 742.06 927.86 770.06
1 647.3 880.53 692.3 925.53
1 702.34 512.74 737.34 547.74
1 938.68 719.23 977.68 757.23
1 891.41 365.3 910.41 384.3
1 873.71 345.5 898.71 370.5
1 845.33 462.0 860.33 478.0
1 489.25 353.17 519.25 384.17
1 475.42 685.0 498.42 707.0
