0 321.67 459.46 366.67 490.46
0 845.58 277.08 882.58 329.08
0 721.6 411.52 776.6 446.52
0 668.18 368.04 720.18 412.04
0 169.68 823.98 215.68 855.98
2 125.26 555.55 170.26 594.55
2 764.2 603.99 827.2 666.99
2 605.22 975.03 633.22 1003.03
2 850.37 909.27 875.37 935.27
2 71.79 857.97 128.79 895.97
2 515.8 443.1 598.8 505.1
2 564.89 771.87 622.89 854.87
1 216.21 20.94 234.21 40.94
1 286.64 71.18 307.64 99.18
1 523.15 231.52 541.15 252.52
1 663.72 124.5 684.72 141.5
1 868.61 122.38 885.61 141.38
1 209.23 322.5 231.23 341.5
1 175.66 307.51 195.66 328.51
1 214.25 298.5 236.25 321.5
1 145.69 338.98 165.69 361.98
1 212.11 394.53 230.11 410.53
1 391.17 377.94 410.17 398.94
1 136.15 522.0 156.15 546.0
1 63.61 697.45 80.61 712.45
1 265.76 674.48 296.76 701.48
1 168.22 727.0 194.22 749.0
1 157.22 766.01 183.22 790.01
1 199.72 774.5 234.72 803.5
1 353.2 975.02 375.2 995.02
1 645.76 706.52 676.76 733.52
