0 370.49 172.19 429.49 214.19
0 549.91 94.06 596.91 145.06
0 793.41 512.5 852.41 551.5
0 940.72 374.09 992.72 453.09
0 413.1 738.28 458.1 796.28
0 423.56 657.01 491.56 701.01
0 129.06 168.1 179.06 247.1
0 923.31 880.5 1005.31 937.5
0 827.27 62.5 891.27 100.5
0 465.1 909.4 495.1 931.4
2 104.16 778.16 152.16 826.16
2 142.73 671.92 174.73 699.92
2 43.28 833.59 67.28 855.59
2 280.7 603.83 304.7 628.83
2 256.19 192.98 319.19 253.98
2 856.04 903.38 930.04 975.38
2 729.46 742.27 750.46 762.27
2 210.65 904.26 271.65 970.26
2 541.46 591.33 587.46 637.33
2 812.35 794.29 864.35 840.29
2 331.29 269.14 391.29 335.14
2 211.66 848.24 236.66 874.24
2 108.17 405.72 171.17 468.72
2 975.2 808.53 1007.2 840.53
2 855.18 224.03 885.18 255.03
2 450.25 860.02 472.25 886.02
2 185.55 255.12 235.55 305.12
1 245.27 364.27 270.27 389.27
1 244.47 410.04 272.47 438.04
1 434.74 539.08 451.74 556.08
1 119.53 95.11 130.53 107.11
1 79.33 12.29 98.33 30.29
1 458.65 136.18 479.65 157.18
1 352.98 28.91 382.98 58.91
1 192.49 314.93 211.49 332.93
1 98.43 414.35 113.43 428.35
1 769.52 361.46 785.52 374.46
1 664.14 52.44 681.14 74.44
1 681.77 53.31 699.77 76.31
1 735.2 58.26 751.2 80.26
1 821.34 0.54 838.34 22.54
1 882.54 162.22 905.54 186.22
1 970.43 342.31 983.43 357.31
1 989.67 319.24 1003.67 333.24
1 946.22 318.0 964.22 332.0
1 466.03 513.02 489.03 531.02
1 51.32 679.94 70.32 701.94
1 223.4 778.07 237.4 798.07
1 793.02 770.07 813.02 785.07
1 853.37 778.51 873.37 794.51
1 886.57 715.34 906.57 741.34
1 743.71 866.53 762.71 890.53
1 691.34 590.19 706.34 605.19
1 610.54 540.03 621.54 554.03
1 736.42 548.53 750.42 564.53
1 767.74 514.29 787.74 531.29
1 838.57 603.19 850.57 619.19
1 966.19 594.55 982.19 614.55
1 985.33 629.28 1006.33 644.28
1 879.5 445.0 897.5 458.0
1 23.44 250.45 36.44 267.45
1 640.51 369.05 682.51 401.05
1 303.17 165.34 321.17 179.34
1 27.45 914.2 56.45 953.2
1 79.14 983.37 96.14 999.37
1 156.69 710.46 178.69 736.46
1 497.59 877.65 519.59 895.65
1 766.52 482.46 786.52 504.46
1 658.46 567.24 688.46 593.24
1 593.66 960.98 622.66 984.98
1 819.32 988.82 842.32 1007.82
1 79.74 535.25 94.74 554.25
1 352.6 689.38 369.6 702.38
1 690.59 356.25 709.59 374.25
1 813.59 255.03 823.59 264.03
1 837.34 670.62 858.34 721.62
