0 682.27 402.01 716.27 456.01
0 624.6 424.03 654.6 473.03
0 392.43 625.0 448.43 659.0
0 189.12 899.59 212.12 931.59
0 640.12 543.99 670.12 585.99
0 136.2 633.5 197.2 674.5
0 491.21 510.26 519.21 529.26
0 22.07 459.18 58.07 522.18
0 600.09 206.51 707.09 294.51
0 764.08 352.58 802.08 415.58
0 916.3 400.25 947.3 448.25
0 863.6 844.02 902.6 871.02
0 771.66 734.25 813.66 761.25
0 158.12 367.26 226.12 424.26
0 554.43 650.18 592.43 683.18
0 902.61 650.72 966.61 693.72
0 944.02 448.49 996.02 478.49
2 427.2 81.7 511.2 159.7
2 876.26 188.52 964.26 292.52
2 870.58 88.21 911.58 140.21
2 777.58 982.72 809.58 1009.72
2 434.09 505.11 462.09 534.11
2 761.63 437.55 793.63 464.55
2 670.66 340.16 700.66 370.16
2 787.47 472.16 827.47 511.16
2 692.41 681.26 746.41 736.26
2 460.53 819.12 528.53 888.12
2 357.08 685.0 402.08 730.0
2 977.23 311.34 1008.23 342.34
2 40.45 302.4 94.45 356.4
2 429.19 259.13 479.19 309.13
2 804.72 176.82 852.72 224.82
2 853.46 154.27 881.46 182.27
2 971.63 79.03 1017.63 125.03
2 35.95 666.12 64.95 695.12
2 118.36 677.36 160.36 717.36
2 248.61 943.36 274.61 969.36
2 416.42 707.36 445.42 737.36
2 844.04 943.47 895.04 994.47
2 734.66 546.21 787.66 598.21
2 852.05 682.2 897.05 726.2
2 608.64 152.0 646.64 190.0
1 494.68 0.57 524.67 27.57
1 367.7 44.95 388.7 59.95
1 342.74 207.55 360.74 217.55
1 266.64 15.11 281.64 38.11
1 221.24 47.08 243.24 71.08
1 135.65 196.08 150.65 214.08
1 153.22 247.18 175.22 260.18
1 347.12 238.28 367.12 273.28
1 215.37 294.96 230.37 304.96
1 300.65 318.36 317.65 334.36
1 31.3 156.41 50.3 183.41
1 249.52 455.35 265.52 478.35
1 242.04 406.16 261.04 417.16
1 65.07 468.25 92.07 497.25
1 63.67 558.52 85.67 581.52
1 107.42 505.18 126.42 524.18
1 299.26 708.37 314.26 727.37
1 280.61 698.52 300.61 714.52
1 239.75 757.46 282.75 786.46
1 275.71 807.04 301.71 824.04
1 321.33 822.93 338.33 839.93
1 94.43 826.11 118.43 865.11
1 87.62 925.47 117.62 944.47
1 683.53 600.38 708.53 624.38
1 545.54 620.94 571.54 646.94
1 486.11 613.04 498.11 633.04
1 512.09 645.66 523.09 663.66
1 605.43 590.26 642.43 615.26
1 603.71 622.55 624.71 641.55
1 623.42 631.24 664.42 661.24
1 618.23 829.31 646.23 855.31
1 698.65 827.64 718.65 841.64
1 675.39 772.26 698.39 805.26
1 708.12 745.66 754.12 797.66
1 606.4 766.57 625.4 795.57
1 570.7 840.52 603.7 871.52
1 634.43 756.04 648.43 773.04
1 708.11 279.0 755.11 334.0
1 498.07 374.95 537.07 436.95
1 932.53 607.05 953.53 630.05
1 955.43 553.1 972.43 569.1
1 825.61 598.33 840.61 623.33
1 827.58 432.43 843.58 452.43
1 829.83 486.52 859.83 505.52
1 926.12 576.63 947.12 599.63
1 651.68 409.3 670.68 421.3
1 541.34 445.0 552.34 462.0
1 499.15 548.17 514.15 567.17
1 379.61 499.04 398.61 513.04
1 582.4 286.83 602.4 305.83
1 587.32 140.64 608.32 163.64
1 527.37 227.02 558.37 247.02
1 501.6 302.43 527.6 328.43
1 404.22 251.98 434.22 281.98
1 447.3 222.33 477.3 248.33
1 141.48 37.48 179.48 70.48
1 45.43 200.3 79.43 246.3
1 937.6 334.54 961.6 369.54
1 994.19 249.11 1025.19 280.11
1 780.24 207.51 812.24 227.51
1 743.5 234.13 759.5 245.13
1 699.88 74.1 713.88 89.1
1 684.21 128.06 702.21 139.06
1 282.66 133.15 306.66 154.15
1 241.58 137.61 259.58 151.61
1 258.21 145.65 272.21 163.65
1 331.31 156.38 357.31 172.38
1 401.21 837.49 428.21 854.49
1 443.19 899.35 459.19 924.35
1 78.55 987.81 93.55 1005.81
