0 24.66 264.98 85.66 340.98
0 213.24 511.32 264.24 583.32
0 180.17 596.06 219.17 668.06
0 23.52 563.14 51.52 604.14
0 117.18 696.33 137.18 726.33
0 85.31 729.18 136.31 762.18
0 202.42 943.17 235.42 974.17
0 213.35 427.53 253.35 497.53
0 342.27 610.21 415.27 656.21
0 418.07 486.17 468.07 519.17
0 633.08 431.45 669.08 492.45
0 602.37 593.0 641.37 621.0
0 520.73 678.13 577.73 697.13
0 670.28 687.44 691.28 718.44
0 863.69 732.3 898.69 756.3
0 970.54 519.52 1024.54 554.52
2 42.31 147.55 81.31 186.55
2 412.5 840.46 478.5 897.46
2 326.19 534.4 356.19 564.4
2 784.45 966.81 807.45 989.81
2 928.5 609.43 964.5 645.43
2 989.17 687.16 1017.17 714.16
2 879.71 358.26 906.71 384.26
2 1007.25 149.36 1022.25 165.36
2 694.42 244.09 713.42 263.09
2 540.65 813.5 613.65 878.5
2 471.67 784.59 520.67 831.59
2 451.31 275.24 498.31 302.24
2 913.5 295.65 942.5 318.65
2 898.97 5.4 948.97 52.4
1 132.33 48.34 151.33 68.34
1 93.52 240.19 126.52 271.19
1 189.2 232.27 223.2 264.27
1 222.32 407.24 239.32 423.24
1 111.16 397.12 129.16 413.12
1 140.22 636.99 168.22 664.99
1 182.75 406.22 209.75 433.22
1 207.01 134.89 233.01 160.89
1 257.25 37.8 271.25 51.8
1 300.2 -0.72 321.2 17.28
1 372.77 80.6 388.77 96.6
1 379.67 247.19 399.67 267.19
1 394.41 318.37 406.41 331.37
1 42.64 385.22 68.64 411.22
1 189.65 379.0 203.65 393.0
1 92.72 613.17 116.72 637.17
1 313.39 570.5 336.39 596.5
1 609.38 544.11 626.38 557.11
1 540.11 520.25 550.11 534.25
1 426.44 696.36 438.44 711.36
1 417.7 659.05 441.7 678.05
1 473.39 679.04 495.39 708.04
1 604.43 664.03 629.43 683.03
1 708.17 826.09 726.17 845.09
1 692.72 848.24 714.72 875.24
1 22.72 909.35 49.72 928.35
1 49.28 885.97 71.28 902.97
1 238.61 926.39 259.61 945.39
1 302.57 933.08 322.57 955.08
1 343.56 848.31 369.56 866.31
1 685.38 928.1 707.38 947.1
1 855.46 854.97 885.46 876.97
1 903.35 819.84 927.35 844.84
1 851.61 758.14 873.61 779.14
1 832.5 44.19 868.5 75.19
1 941.57 53.21 971.57 72.21
1 719.51 182.12 737.51 200.12
1 768.41 138.51 788.41 154.51
1 768.41 138.51 788.41 154.51
1 744.55 153.19 758.55 164.19
1 445.57 212.16 464.57 228.16
1 443.27 117.28 467.27 139.28
1 735.27 8.41 755.27 21.41
1 524.37 211.26 541.37 230.26
1 861.37 385.17 877.37 409.17
1 901.75 519.05 925.75 537.05
1 832.68 629.95 863.68 661.95
1 958.64 853.33 982.64 875.33
1 824.69 851.46 844.69 874.46
1 924.7 676.51 950.7 704.51
1 907.54 591.3 925.54 609.3
1 642.09 535.34 653.09 548.34
1 216.41 73.55 240.41 94.55
