0 27.52 301.21 70.52 353.21 111
0 890.18 167.17 913.18 206.17 111
0 931.95 786.25 962.95 826.25 111
0 975.51 802.39 1018.51 864.39 111
0 848.07 722.48 887.07 770.48 111
0 740.41 875.01 787.41 918.01 111
0 49.51 882.26 78.51 913.26 111
0 296.58 343.51 337.58 381.51 111
0 434.57 642.95 481.57 684.95 111
0 610.16 420.17 633.16 436.17 111
0 869.51 906.26 900.51 942.26 111
0 226.43 498.02 250.43 531.02 111
0 140.43 663.58 166.43 687.58 111
0 118.43 689.75 143.43 721.75 111
0 67.56 673.32 92.56 697.32 111
0 624.78 45.41 655.78 74.41 111
0 870.99 229.23 889.99 250.23 111
0 823.45 682.49 847.45 716.49 111
2 197.2 278.15 219.2 300.15 100
2 97.05 362.89 113.05 378.89 100
2 825.23 285.49 848.23 308.49 100
2 566.37 408.12 593.37 434.12 100
2 797.17 347.52 813.17 363.52 100
2 423.99 825.2 469.99 871.2 100
2 197.12 840.99 232.12 875.99 100
2 178.72 981.01 197.72 1000.01 100
2 468.11 915.62 507.11 954.62 100
2 469.61 578.27 500.61 609.27 100
2 454.29 503.5 481.29 529.5 100
2 789.31 382.12 809.31 398.12 100
2 937.62 134.27 972.62 180.27 100
2 985.41 21.19 1024.41 61.19 100
2 190.32 73.21 213.32 99.21 100
2 25.34 95.43 52.34 127.43 100
2 176.57 581.22 202.57 609.22 100
2 43.5 722.39 71.5 752.39 100
2 246.65 986.92 285.65 1023.92 100
1 361.32 289.19 378.32 316.19 BD
1 790.23 493.96 799.23 503.96 BD
1 777.21 537.23 785.21 551.23 BD
1 805.42 528.23 828.42 551.23 BD
1 780.12 548.23 794.12 566.23 BD
1 758.13 653.03 780.13 675.03 BD
1 896.58 739.21 909.58 752.21 BD
1 648.09 658.92 662.09 672.92 BD
1 486.73 765.46 502.73 781.46 BD
1 501.67 847.23 522.67 868.23 BD
1 571.33 959.26 585.33 974.26 BD
1 860.4 807.17 872.4 818.17 BD
1 151.3 41.33 164.3 55.33 BD
1 283.27 154.23 295.27 165.23 BD
1 390.31 2.32 407.31 18.32 BD
1 6.32 900.25 18.32 912.25 BD
1 396.0 753.89 408.0 765.89 BD
1 337.15 912.33 352.15 928.33 BD
1 822.03 848.3 836.03 862.3 BD
1 500.09 319.13 511.09 330.13 BD
1 845.62 558.42 862.62 576.42 BD
1 991.55 685.37 1010.55 704.37 BD
1 771.5 96.5 779.5 104.5 BD
1 958.15 514.91 978.15 534.91 BD
1 822.99 956.35 834.99 969.35 BD
1 515.72 354.61 527.72 366.61 BD
1 727.27 479.41 741.27 494.41 BD
1 99.36 988.5 112.36 1001.5 BD
1 99.3 663.22 117.3 681.22 BD
1 84.32 651.18 88.32 656.18 BD
