0 154.43 65.27 192.43 109.27
0 380.28 442.74 425.28 475.74
0 139.51 421.3 178.51 449.3
0 426.68 262.07 462.68 314.07
0 575.43 294.35 611.43 336.35
0 715.55 180.4 759.55 218.4
0 830.46 635.17 876.46 670.17
0 570.58 704.34 604.58 726.34
0 70.44 948.9 124.44 1006.9
0 93.59 874.09 130.59 939.09
0 203.37 795.6 230.37 816.6
0 257.3 566.16 291.3 587.16
0 858.71 370.56 889.71 397.56
0 800.32 167.49 841.32 200.49
0 640.51 180.18 678.51 209.18
0 351.58 338.21 399.58 371.21
0 319.44 331.35 346.44 359.35
0 293.34 329.62 321.34 367.62
0 632.22 731.48 661.22 780.48
0 485.84 26.42 519.84 52.42
0 995.75 68.19 1025.75 119.19
0 382.72 244.08 409.72 269.08
0 238.41 708.94 263.41 726.94
0 805.12 512.97 835.12 554.97
0 426.41 918.01 488.41 998.01
0 157.69 783.03 198.69 813.03
0 234.43 867.12 284.43 946.12
0 246.34 770.52 291.34 801.52
2 748.29 63.45 833.29 164.45
2 449.63 356.13 522.63 441.13
2 482.18 300.92 523.18 349.92
2 968.27 467.83 1005.27 510.83
2 466.22 825.35 507.22 873.35
2 885.11 862.21 919.11 903.21
2 35.73 882.51 65.73 917.51
2 221.28 570.47 240.28 593.47
2 16.27 113.4 77.27 185.4
2 242.41 80.0 280.41 124.0
2 796.56 385.14 839.56 436.14
2 502.74 545.12 529.74 576.12
2 809.27 669.26 836.27 701.26
2 355.79 854.33 377.79 880.33
2 622.3 114.38 647.3 144.38
2 577.48 510.76 625.48 556.76
2 476.36 467.51 505.36 499.51
2 637.13 652.48 663.13 676.48
2 526.14 860.78 558.14 892.78
2 428.65 875.18 451.65 899.18
2 504.0 1001.56 526.0 1024.56
2 178.52 152.86 196.52 170.86
2 127.14 343.36 145.14 364.36
2 467.41 118.86 494.41 148.86
2 768.71 754.47 795.71 776.47
1 682.23 477.05 699.23 496.05
1 540.14 455.37 556.14 471.37
1 573.7 461.04 590.7 479.04
1 591.34 456.01 606.34 472.01
1 612.52 566.31 626.52 580.31
1 664.99 639.4 681.99 656.4
1 591.17 638.38 609.17 656.38
1 199.15 452.89 217.15 470.89
1 61.3 595.16 76.3 610.16
1 15.61 562.19 32.61 579.19
1 54.53 704.1 72.53 721.1
1 147.15 816.89 165.15 834.89
1 169.48 865.26 181.48 877.26
1 117.12 838.51 131.12 853.51
1 225.12 840.39 243.12 858.39
1 220.62 880.5 235.62 895.5
1 333.39 881.33 348.39 897.33
1 340.62 947.17 355.62 962.17
1 366.18 896.02 382.18 912.02
1 401.29 890.29 416.29 904.29
1 527.61 829.47 540.61 842.47
1 454.43 765.19 468.43 780.19
1 266.49 505.75 284.49 524.75
1 725.5 762.79 741.5 779.79
1 616.17 769.38 628.17 781.38
1 633.3 800.97 648.3 814.97
1 561.12 774.51 575.12 789.51
1 526.39 984.46 544.39 1003.46
1 869.41 981.27 888.41 1000.27
1 696.42 916.28 714.42 934.28
1 942.49 926.44 960.49 944.44
1 972.71 854.1 988.71 871.1
1 952.81 552.35 976.81 578.35
1 885.38 492.45 912.38 519.45
1 948.44 660.2 973.44 685.2
1 219.47 937.49 239.47 958.49
1 242.34 978.37 263.34 1000.37
1 173.47 983.09 189.47 998.09
1 203.17 686.38 221.17 704.38
1 15.34 676.01 30.34 692.01
1 325.62 474.37 342.62 492.37
1 320.4 310.2 333.4 323.2
1 393.4 291.33 405.4 303.33
1 12.14 80.46 28.14 95.46
1 23.07 56.15 44.07 77.15
1 544.34 338.09 557.34 351.09
1 701.6 222.34 714.6 236.34
1 849.29 354.29 864.29 368.29
1 803.36 796.52 826.36 819.52
1 644.46 841.02 658.46 855.02
1 299.58 408.22 312.58 421.22
1 360.7 485.92 379.7 504.92
1 904.45 108.39 918.45 122.39
1 1008.85 446.74 1024.85 467.74
1 295.25 943.9 306.25 955.9
1 272.61 923.06 287.61 938.06
1 203.45 869.08 219.45 884.08
1 910.58 187.33 925.58 203.33
1 14.27 258.25 31.27 279.25
1 61.22 656.42 75.22 671.42
1 688.65 842.46 707.65 861.46
1 877.33 598.47 892.33 613.47
