0 211.01 184.51 359.01 433.51
0 496.08 407.5 584.08 498.5
0 207.11 678.52 287.11 757.52
0 492.07 851.98 574.07 947.98
0 761.64 863.56 812.64 920.56
0 923.3 409.56 1029.3 548.56
0 556.26 249.52 653.26 324.52
0 425.23 229.01 477.23 270.01
0 315.39 933.29 365.39 999.29
2 453.62 706.99 508.62 761.99
2 -0.6 176.5 112.4 213.5
2 104.56 908.5 137.56 941.5
1 362.38 587.16 388.38 640.16
1 226.35 526.99 252.35 563.99
1 342.56 701.62 364.56 725.62
1 340.35 870.15 377.35 905.15
1 595.0 908.2 632.0 951.2
1 634.26 982.36 658.26 1006.36
1 427.43 588.52 450.43 613.52
1 892.21 914.0 920.21 946.0
1 938.66 975.02 973.66 1009.02
1 888.68 505.51 911.68 532.51
1 343.1 113.52 389.1 156.52
1 474.2 92.45 496.2 113.45
1 129.1 135.5 173.1 174.5
1 94.69 66.53 129.69 103.53
1 901.37 224.17 939.37 265.17
1 712.29 385.15 734.29 404.15
1 767.74 35.02 794.74 61.02
1 431.24 33.01 454.24 57.01
1 -1.16 435.0 34.84 471.0
1 825.21 740.98 847.21 765.98
1 150.18 95.02 186.18 126.02
