0 555.15 319.02 633.15 375.02
0 713.64 345.93 780.64 394.93
0 -2.1 1079.28 61.9 1181.28
0 447.55 1051.48 545.55 1168.48
0 1443.55 1203.54 1535.55 1322.54
0 1929.11 1293.99 2010.11 1384.99
0 1770.54 1289.5 1883.54 1377.5
0 1330.55 1366.99 1405.55 1470.99
0 1192.63 1336.5 1294.63 1411.5
0 1241.05 1238.5 1309.05 1332.5
0 830.03 1372.5 964.03 1558.5
0 598.04 1455.01 734.04 1650.01
0 318.06 1304.98 441.06 1436.98
0 318.57 1425.49 446.57 1553.49
0 261.06 1661.52 474.06 1809.52
0 114.63 1504.99 200.63 1584.99
0 963.15 1656.0 1083.15 1740.0
0 1350.04 1685.54 1428.04 1797.54
0 1822.04 1468.01 1913.04 1571.01
0 1875.07 1675.97 2010.07 1782.97
0 669.05 1148.52 741.05 1248.52
0 959.13 1266.52 1048.13 1331.52
0 1270.55 1111.99 1360.55 1236.99
0 1192.18 1090.47 1277.18 1168.47
0 327.55 592.5 408.55 673.5
2 1961.15 1031.53 2014.15 1104.53
2 193.54 137.51 295.54 243.51
2 107.09 102.51 158.09 148.51
2 1117.55 8.98 1198.55 98.98
2 804.08 375.49 897.08 476.49
2 1012.61 391.5 1066.61 451.5
2 1505.14 443.51 1564.14 507.51
2 1712.12 484.99 1783.12 561.99
2 585.06 709.46 672.06 808.46
2 105.67 1004.55 176.67 1077.55
2 284.68 1096.99 351.68 1164.99
2 1518.08 1057.5 1614.08 1162.5
2 526.67 1037.04 598.67 1108.04
2 -1.97 1263.27 79.03 1356.27
2 1084.58 1436.48 1232.58 1575.48
2 1797.66 1963.97 1860.66 2031.97
2 52.17 749.08 102.17 799.08
2 193.29 844.01 255.29 887.01
2 188.54 1142.11 250.54 1222.11
2 369.09 1286.1 430.09 1357.1
2 949.18 576.54 1032.18 641.54
2 1318.26 779.55 1413.26 843.55
2 1195.12 1009.03 1245.12 1058.03
2 1153.1 1698.22 1216.1 1774.22
2 1634.04 1349.05 1712.04 1453.05
2 1725.5 1607.12 1806.5 1735.12
1 1989.94 1209.95 2048.94 1270.95
1 1705.17 928.47 1773.17 994.47
1 1798.6 933.44 1851.6 985.44
1 1546.68 929.47 1610.68 993.47
1 1469.1 858.02 1529.1 918.02
1 1395.56 903.48 1451.56 958.48
1 1384.56 976.46 1435.56 1025.46
1 1371.12 1099.99 1424.12 1153.99
1 1371.12 1099.99 1424.12 1153.99
1 1448.69 679.5 1516.69 750.5
1 1850.17 806.02 1919.17 876.02
1 1819.6 726.03 1893.6 804.03
1 1928.66 834.01 1993.66 900.01
1 1250.64 925.02 1285.64 962.02
1 1170.07 869.52 1219.07 921.52
1 973.15 1201.99 1035.15 1260.99
1 801.58 1225.01 894.58 1319.01
1 921.09 1150.48 973.09 1207.48
1 952.19 1055.99 987.19 1091.99
1 955.59 928.48 1010.59 988.48
1 785.57 1013.53 835.57 1068.53
1 379.56 1068.01 428.56 1122.01
1 185.15 1021.5 245.15 1087.5
1 71.11 903.0 125.11 963.0
1 334.53 901.5 413.53 988.5
1 438.64 922.46 495.64 985.46
1 500.11 972.47 554.11 1031.47
1 583.2 940.95 615.2 975.95
1 655.66 860.02 722.66 931.02
1 755.58 853.0 832.58 935.0
1 1037.56 759.5 1081.56 806.5
1 858.66 719.51 921.66 789.51
1 810.61 653.01 864.61 712.01
1 1219.62 615.52 1298.62 695.52
1 1425.62 582.0 1479.62 639.0
1 1590.13 583.48 1645.13 640.48
1 1738.19 613.95 1803.19 678.95
1 1899.08 644.52 1954.08 699.52
1 1914.61 547.99 1968.61 606.99
1 1783.16 546.47 1842.16 605.47
1 1591.12 484.03 1644.12 542.03
1 1930.18 405.99 1992.18 472.99
1 1801.17 362.54 1872.17 435.54
1 1811.62 309.04 1867.62 369.04
1 1405.6 430.98 1451.6 480.98
1 1353.09 438.0 1399.09 489.0
1 1197.63 383.5 1257.63 450.5
1 587.69 480.0 652.69 543.0
1 578.61 648.02 619.61 690.02
1 315.09 744.99 388.09 823.99
1 204.64 770.48 243.64 813.48
1 227.66 679.5 292.66 748.5
1 408.1 570.47 493.1 653.47
1 403.68 677.97 440.68 713.97
1 278.71 656.01 304.71 685.01
1 130.62 651.98 167.62 691.98
1 9.61 487.99 63.61 546.99
1 183.13 421.98 253.13 495.98
1 104.64 406.02 139.64 443.02
1 227.17 359.48 263.17 396.48
1 6.61 321.95 63.61 379.95
1 146.1 224.47 191.1 270.47
1 35.06 114.02 80.06 159.02
1 402.71 43.52 435.71 76.52
1 466.12 87.97 519.12 145.97
1 395.19 99.03 428.19 132.03
1 470.55 168.55 559.55 257.55
1 450.18 384.97 517.18 454.97
1 379.17 386.04 441.17 454.04
1 337.19 470.99 402.19 542.99
1 685.63 200.47 740.63 258.47
1 722.69 117.0 787.69 180.0
1 769.59 226.04 812.59 269.04
1 936.7 251.51 999.7 321.51
1 935.59 114.45 988.59 167.45
1 857.74 -1.79 910.74 41.21
1 903.66 -0.03 966.66 62.97
1 1054.64 147.97 1121.64 214.97
1 1174.64 62.95 1238.64 122.95
1 1308.16 24.03 1387.16 96.03
1 1278.61 184.02 1359.61 263.02
1 1385.16 274.0 1460.16 347.0
1 1388.64 120.98 1423.64 157.98
1 1504.65 414.03 1571.65 474.03
1 1275.1 437.01 1315.1 481.01
1 692.62 696.51 766.62 767.51
1 1638.09 268.5 1717.09 349.5
1 1719.14 180.47 1780.14 242.47
1 1593.15 123.96 1663.15 190.96
1 1479.68 121.49 1548.68 190.49
1 1560.14 13.01 1597.14 50.01
1 1928.18 225.51 1994.18 290.51
1 1953.65 177.01 2019.65 237.01
1 2027.81 110.23 2049.81 147.23
