0 725.09 316.99 915.09 454.99
0 874.09 843.02 974.09 937.02
0 774.07 1312.54 846.07 1399.54
0 931.22 1241.97 1025.22 1305.97
0 568.07 836.0 700.07 960.0
0 1077.56 555.51 1154.56 676.51
0 783.52 1683.99 848.52 1787.99
0 960.07 1689.96 1076.07 1801.96
0 879.5 1926.8 968.5 2048.8
0 1102.6 1302.96 1157.6 1380.96
0 637.02 1843.98 755.02 2031.98
0 1465.13 715.46 1507.13 780.46
0 1312.11 803.99 1360.11 851.99
0 1301.1 1114.08 1363.1 1194.08
0 1062.19 1072.02 1102.19 1108.02
0 1009.61 464.49 1114.61 543.49
0 1538.69 1906.97 1637.69 1976.97
0 1852.2 1820.98 1944.2 1878.98
0 695.06 1397.04 785.06 1515.04
2 1657.53 231.48 1770.53 344.48
2 858.13 211.45 938.13 292.45
2 1544.65 24.53 1607.65 87.53
2 1875.06 546.52 1969.06 641.52
2 797.05 861.48 1043.05 1110.48
2 1184.05 1576.02 1268.05 1660.02
2 1571.61 1468.97 1628.61 1526.97
2 1465.98 1239.64 1505.98 1328.64
2 1506.46 923.75 1525.46 972.75
2 1467.05 1583.61 1505.05 1664.61
2 1311.58 1760.01 1436.58 1816.01
2 1210.62 1927.49 1289.62 1984.49
2 1679.7 1830.53 1732.7 1857.53
2 910.65 1634.0 1001.65 1694.0
2 1479.64 579.0 1596.64 629.0
2 1580.09 479.55 1616.09 552.55
2 1322.02 1835.54 1370.02 1932.54
2 1158.61 773.5 1257.61 842.5
2 1075.56 658.49 1152.56 777.49
2 1155.21 1075.49 1225.21 1124.49
2 1831.66 1560.04 1880.66 1588.04
2 1621.12 811.99 1715.12 895.99
2 731.14 5.0 865.14 83.0
1 1401.14 391.51 1467.14 460.51
1 1277.65 617.03 1342.65 679.03
1 1196.59 465.51 1251.59 522.51
1 1284.09 287.5 1376.09 384.5
1 1376.23 119.5 1396.23 140.5
1 1468.16 67.48 1536.16 140.48
1 1739.67 52.03 1812.67 120.03
1 1455.62 158.51 1496.62 201.51
1 1916.1 67.0 1960.1 109.0
1 1842.58 263.01 1893.58 313.01
1 1875.61 369.53 1928.61 422.53
1 1940.13 727.01 1976.13 765.01
1 1773.55 742.51 1818.55 789.51
1 1538.15 995.97 1574.15 1031.97
1 1418.07 971.47 1502.07 1060.47
1 1494.64 1074.01 1549.64 1130.01
1 1764.1 1251.53 1808.1 1296.53
1 1636.15 1310.01 1700.15 1374.01
1 1332.09 1404.47 1416.09 1487.47
1 1079.11 1560.99 1165.11 1646.99
1 1295.71 1633.03 1320.71 1659.03
1 1194.63 1748.99 1233.63 1786.99
1 1059.12 1788.51 1113.12 1843.51
1 1063.21 1911.47 1125.21 1976.47
1 1780.16 1667.48 1848.16 1740.48
1 1900.12 1548.0 1972.12 1624.0
1 1907.15 1381.51 1965.15 1442.51
1 1888.22 1302.5 1916.22 1329.5
1 1761.12 1490.52 1799.12 1529.52
1 1923.08 1042.49 1973.08 1093.49
1 1948.52 908.03 1999.52 960.03
1 1834.68 913.97 1901.68 977.97
1 1169.08 975.5 1211.08 1020.5
1 1052.11 942.99 1108.11 1000.99
1 996.06 339.03 1092.06 441.03
1 1018.19 205.01 1082.19 271.01
1 1126.12 135.02 1166.12 177.02
1 1191.61 94.0 1244.61 150.0
1 1249.23 166.48 1275.23 193.48
1 743.19 759.98 781.19 795.98
1 1064.05 859.5 1148.05 948.5
1 1877.6 1968.95 1922.6 2014.95
1 2001.6 1680.95 2046.6 1726.95
1 1987.19 1481.51 2021.19 1514.51
1 1547.03 672.0 1597.03 724.0
1 1245.18 699.99 1307.18 763.99
1 1400.61 1681.46 1443.61 1726.46
1 1905.04 -1.2 1936.04 15.8
1 1744.59 270.52 1791.59 317.52
1 1944.17 550.0 1980.17 586.0
