0 544.04 485.02 624.04 621.02
0 77.57 110.5 156.57 205.5
0 650.1 15.03 792.1 109.03
0 887.74 103.53 930.74 130.53
0 933.1 59.47 961.1 106.47
0 367.65 141.98 440.65 183.98
0 647.15 225.47 745.15 284.47
0 783.54 217.51 818.54 280.51
0 854.55 409.51 961.55 568.51
0 745.61 840.01 790.61 906.01
0 574.11 897.92 684.11 1029.92
0 409.62 794.02 462.62 872.02
0 318.11 692.61 366.11 757.61
0 135.67 920.0 192.67 960.0
0 346.23 444.02 384.23 470.02
0 812.58 309.49 871.58 394.49
0 982.33 360.96 1027.33 464.96
0 826.2 755.49 912.2 792.49
0 533.72 651.48 582.72 674.48
0 722.26 661.0 762.26 679.0
2 382.16 263.54 434.16 314.54
2 398.65 978.39 431.65 1013.39
2 904.66 924.6 939.66 957.6
2 848.11 213.0 922.11 287.0
2 935.1 310.99 979.1 354.99
2 811.62 465.5 850.62 504.5
2 252.54 531.5 297.54 576.5
2 263.13 593.0 303.13 633.0
2 210.64 840.5 269.64 899.5
2 112.7 529.97 137.7 555.97
2 496.7 590.03 521.7 616.03
2 645.65 825.51 670.65 844.51
2 938.21 993.51 968.21 1024.51
2 346.22 481.5 368.22 498.5
2 604.17 421.99 648.17 455.99
2 510.62 279.01 569.62 329.01
2 7.09 399.5 57.09 440.5
1 399.77 516.51 432.77 541.51
1 513.75 483.51 542.75 506.51
1 571.22 348.47 597.22 377.47
1 591.74 255.95 624.74 281.95
1 609.68 105.52 634.68 138.52
1 484.21 76.5 518.21 103.5
1 413.26 38.51 447.26 67.51
1 212.18 123.52 240.18 158.52
1 307.67 110.5 344.67 147.5
1 474.69 334.0 515.69 370.0
1 170.64 624.97 191.64 644.97
1 120.7 630.0 139.7 654.0
1 93.76 563.5 128.76 590.5
1 68.62 469.48 87.62 492.48
1 150.2 354.0 170.2 370.0
1 401.28 616.46 431.28 645.46
1 477.2 635.52 519.2 668.52
1 274.6 658.01 307.6 700.01
1 479.21 714.95 503.21 744.95
1 566.6 723.53 581.6 742.53
1 623.17 622.0 653.17 654.0
1 668.24 663.47 698.24 690.47
1 734.64 725.47 757.64 754.47
1 795.24 550.03 823.24 574.03
1 332.14 852.98 364.14 892.98
1 107.23 989.61 150.23 1025.61
1 60.11 919.44 76.11 940.44
1 608.15 917.05 624.15 937.05
1 251.68 469.97 272.68 485.97
1 263.74 260.99 290.74 282.99
1 39.22 65.05 63.22 95.05
1 105.67 77.0 128.67 95.0
1 537.18 235.93 557.18 251.93
1 683.6 269.5 718.6 314.5
1 520.25 192.99 542.25 214.99
1 107.62 713.01 126.62 729.01
1 138.68 787.49 159.68 814.49
1 773.75 329.49 802.75 352.49
1 861.25 326.95 887.25 348.95
1 755.18 547.93 775.18 563.93
1 49.74 -0.01 82.74 25.99
1 776.36 679.99 795.36 701.99
1 837.51 853.61 855.51 869.61
1 828.45 827.78 852.45 848.78
1 753.66 617.17 768.66 630.17
1 580.34 448.16 591.34 459.16
1 558.18 429.5 572.18 440.5
1 100.64 848.48 119.64 869.48
1 77.16 887.59 93.16 908.59
1 52.21 994.57 76.21 1017.57
