0 256.06 170.99 462.06 328.99
0 627.07 259.47 753.07 354.47
0 672.11 163.49 738.11 250.49
0 842.07 180.5 940.07 307.5
0 612.62 414.52 677.62 495.52
0 481.11 291.48 537.11 356.48
0 567.1 220.98 601.1 262.98
0 557.58 91.52 628.58 188.52
0 433.12 122.01 495.12 198.01
0 347.34 -5.89 455.34 88.11
0 191.56 425.49 292.56 554.49
2 80.57 563.52 147.57 674.52
2 -1.96 579.36 81.04 639.36
2 766.59 347.0 807.59 407.0
2 3.67 14.01 60.67 48.01
2 133.07 728.0 223.07 818.0
2 740.67 725.49 797.67 782.49
2 95.56 116.95 164.56 208.95
2 315.74 123.02 356.74 159.02
2 310.59 380.42 387.59 455.42
2 277.11 759.3 303.11 794.3
2 808.78 654.06 839.78 680.06
2 497.19 414.89 519.18 440.89
2 719.68 397.5 750.68 432.5
2 113.18 439.49 133.18 460.49
2 90.73 404.52 117.73 431.52
1 518.62 599.02 557.62 637.02
1 418.11 555.52 454.11 594.52
1 466.73 597.49 493.73 626.49
1 425.71 431.49 448.71 452.49
1 465.64 345.99 484.64 363.99
1 499.65 344.48 536.65 381.48
1 807.15 16.47 837.15 53.47
1 226.68 170.0 241.68 186.0
1 28.67 561.51 65.67 596.51
1 483.69 891.49 504.69 914.49
1 624.72 828.49 647.72 851.49
1 801.24 511.99 827.24 535.99
1 528.25 673.51 556.25 702.51
1 822.2 696.0 852.2 724.0
1 765.73 959.49 792.73 984.49
1 747.6 904.56 790.6 947.56
1 854.68 301.54 875.68 324.54
1 817.73 231.49 844.73 256.49
1 765.22 265.01 787.22 289.01
1 159.72 71.51 182.72 92.51
1 -0.58 142.04 14.42 160.04
1 541.65 991.5 558.65 1006.5
1 423.17 260.47 443.17 281.47
1 407.69 183.51 428.69 206.51
