0 400.12 389.49 568.12 496.49
0 443.67 168.99 508.67 210.99
0 551.6 140.51 672.6 217.51
0 54.58 24.04 95.58 88.04
0 205.65 339.97 262.65 375.97
0 63.72 607.5 140.72 656.5
0 412.14 620.53 534.14 697.53
0 711.68 853.5 800.68 910.5
0 427.03 743.97 563.03 957.97
0 839.07 876.97 915.07 990.97
0 705.15 275.99 759.15 313.99
0 550.2 101.5 660.2 132.5
0 826.01 500.5 1006.01 709.5
0 768.08 37.02 820.08 81.02
0 395.55 509.51 450.55 564.51
0 592.62 770.56 627.62 815.56
0 478.09 713.47 520.09 762.47
0 949.01 157.04 1028.01 290.04
0 420.55 235.52 469.55 350.52
2 210.26 722.99 254.26 740.99
2 317.64 307.48 366.64 356.48
2 778.24 698.0 814.24 734.0
2 714.17 321.0 754.17 361.0
2 247.64 478.82 274.64 504.82
2 210.63 108.08 243.63 140.08
1 645.12 758.48 681.12 801.48
1 335.23 132.02 365.23 162.02
1 411.66 190.49 434.66 213.49
1 510.21 121.0 530.21 141.0
1 832.7 131.5 867.7 166.5
1 782.59 136.5 839.59 193.5
1 714.18 222.0 734.18 242.0
1 881.24 242.98 903.24 264.98
1 783.71 407.5 808.71 432.5
1 726.56 456.49 741.56 471.49
1 697.6 437.5 714.6 454.5
1 746.72 483.52 775.72 512.52
1 825.22 483.02 853.22 511.02
1 887.15 462.03 905.15 480.03
1 587.22 659.03 619.22 691.03
1 381.24 899.02 403.24 921.02
1 291.63 969.5 334.63 1012.5
1 275.73 759.5 302.73 786.5
1 253.12 700.0 267.12 714.0
1 215.6 623.5 232.6 640.5
1 236.65 589.5 259.65 612.5
1 217.73 518.49 248.73 549.49
1 265.6 421.5 282.6 438.5
1 180.15 396.97 198.15 414.97
1 123.16 309.0 161.16 347.0
1 5.74 327.49 38.74 360.49
1 49.73 276.5 76.73 303.5
1 248.21 184.0 272.21 208.0
1 419.11 48.0 461.11 90.0
1 715.68 132.51 730.68 147.51
1 770.0 252.0 774.0 256.0
1 531.24 529.98 553.24 551.98
1 576.67 455.49 597.67 476.49
1 602.14 324.0 614.14 336.0
1 545.61 357.5 562.61 374.5
1 423.06 589.97 437.06 603.97
1 932.66 743.49 965.66 776.49
1 963.71 727.51 984.71 748.51
1 985.24 354.01 1011.24 380.01
1 685.6 625.5 702.6 642.5
