0 234.61 234.03 329.61 304.03
0 752.55 270.98 877.55 446.98
0 794.52 53.99 909.52 221.99
0 878.64 188.0 977.64 262.0
0 969.6 7.99 1012.6 69.99
0 374.18 88.5 418.18 119.5
0 196.11 94.98 250.11 170.98
0 83.57 357.98 144.57 437.98
0 29.14 552.56 81.14 611.56
0 65.07 607.53 127.07 698.53
0 12.12 775.48 100.12 836.48
0 207.09 884.5 279.09 979.5
0 504.09 981.5 587.09 1026.49
0 311.62 464.5 412.62 535.5
0 512.05 347.01 584.05 447.01
0 879.64 884.49 930.64 919.49
0 315.12 888.94 357.12 932.94
0 21.58 0.01 98.58 90.0
0 -3.25 266.3 48.75 383.3
2 176.62 733.43 235.62 794.43
2 435.52 7.97 486.52 57.97
2 910.57 399.53 995.57 488.53
2 579.19 720.5 605.19 747.5
2 594.43 178.8 743.43 348.8
2 628.91 141.11 658.91 186.11
2 387.84 436.98 462.84 502.98
2 209.67 61.57 248.67 96.57
2 260.15 -1.75 295.15 22.25
1 643.1 915.51 695.1 970.51
1 465.18 275.51 501.18 312.51
1 442.74 245.52 471.74 274.52
1 339.73 156.48 366.73 183.48
1 333.69 179.99 354.69 201.99
1 558.73 21.47 585.73 48.47
1 89.06 905.51 129.06 948.51
1 567.55 493.53 616.55 540.53
1 685.7 819.55 712.7 848.55
1 606.23 847.48 628.23 870.48
1 719.22 986.47 739.22 1007.47
1 760.06 971.02 802.06 1015.02
1 717.54 549.51 762.54 596.51
1 767.06 589.51 807.06 632.51
1 924.21 311.0 958.21 347.0
1 55.17 717.01 91.17 755.01
1 2.62 702.01 41.62 742.01
1 382.62 774.51 429.62 821.51
