0 118.48 84.99 189.48 169.99
0 67.12 842.34 126.12 940.34
0 915.52 357.49 985.52 413.49
0 929.25 135.36 957.25 158.36
0 619.35 75.65 647.35 140.65
0 711.5 862.42 732.5 911.42
0 20.23 533.53 77.23 661.53
0 409.26 0.06 492.26 40.06
0 596.16 371.14 614.16 393.14
0 314.88 766.48 344.88 792.48
0 233.95 695.69 253.95 723.69
0 388.11 827.32 417.11 854.32
0 278.45 540.6 300.45 566.6
2 357.2 772.39 384.2 801.39
2 542.94 120.41 564.94 145.41
1 778.14 799.69 787.14 820.69
1 612.3 181.2 630.3 203.2
0 118.48 84.99 189.48 169.99
0 67.12 842.34 126.12 940.34
0 915.52 357.49 985.52 413.49
0 929.25 135.36 957.25 158.36
0 619.35 75.65 647.35 140.65
0 711.5 862.42 732.5 911.42
0 20.23 533.53 77.23 661.53
0 409.26 0.06 492.26 40.06
0 596.16 371.14 614.16 393.14
0 314.88 766.48 344.88 792.48
0 233.95 695.69 253.95 723.69
0 388.11 827.32 417.11 854.32
0 278.45 540.6 300.45 566.6
2 357.2 772.39 384.2 801.39
2 542.94 120.41 564.94 145.41
1 778.14 799.69 787.14 820.69
1 612.3 181.2 630.3 203.2
