0 251.19 7.93 286.19 34.93
0 148.17 401.23 189.17 464.23
0 185.13 813.23 244.13 852.23
0 513.28 559.28 561.28 590.28
0 658.68 435.38 718.68 572.38
0 544.13 41.11 637.13 203.11
0 924.0 111.11 960.0 141.11
0 948.97 542.25 1018.97 583.25
0 600.27 770.42 749.27 920.42
0 455.1 574.19 542.1 683.19
0 764.36 210.32 862.36 364.32
2 16.3 278.51 66.3 329.51
2 524.28 413.2 566.28 456.2
2 273.3 425.21 317.3 464.21
2 501.7 825.49 596.7 910.49
2 253.62 981.54 282.62 1009.54
2 127.05 493.61 190.05 554.61
2 644.97 396.7 667.97 419.7
1 834.05 54.21 855.05 82.21
1 404.62 427.56 424.62 443.56
1 886.42 963.76 900.42 988.76
