0 8.13 7.18 65.13 85.18
0 153.23 33.24 184.23 63.24
0 158.49 121.37 205.49 153.37
0 265.14 3.61 300.14 28.61
0 192.25 664.7 265.25 768.7
0 263.56 804.06 288.56 827.06
0 373.14 918.23 456.14 963.23
0 790.54 588.35 886.54 650.35
0 851.18 888.19 878.18 920.19
0 586.53 148.04 637.53 176.04
0 554.27 341.4 576.27 372.4
0 744.0 315.63 761.0 332.63
2 166.5 779.93 225.5 842.93
2 625.29 661.29 753.29 821.29
2 237.45 93.56 283.45 134.56
1 747.19 102.63 770.19 120.63
1 421.49 423.95 442.49 465.95
1 470.39 579.15 489.39 601.15
0 8.13 7.18 65.13 85.18
0 153.23 33.24 184.23 63.24
0 158.49 121.37 205.49 153.37
0 265.14 3.61 300.14 28.61
0 192.25 664.7 265.25 768.7
0 263.56 804.06 288.56 827.06
0 373.14 918.23 456.14 963.23
0 790.54 588.35 886.54 650.35
0 851.18 888.19 878.18 920.19
0 586.53 148.04 637.53 176.04
0 554.27 341.4 576.27 372.4
0 744.0 315.63 761.0 332.63
2 166.5 779.93 225.5 842.93
2 625.29 661.29 753.29 821.29
2 237.45 93.56 283.45 134.56
1 747.19 102.63 770.19 120.63
1 421.49 423.95 442.49 465.95
1 470.39 579.15 489.39 601.15
