0 423.22 24.53 450.22 50.53
0 363.3 40.84 407.3 80.84
0 351.33 282.58 427.33 341.58
0 593.98 163.21 701.98 302.21
0 671.12 322.1 718.12 394.1
0 792.51 348.78 831.51 408.78
0 749.08 313.29 787.08 336.29
0 587.19 36.7 606.19 59.7
0 528.17 395.19 553.17 421.19
0 838.93 571.7 856.93 600.7
0 450.09 541.44 479.09 593.44
0 534.78 906.28 591.78 979.28
0 502.19 732.23 607.19 889.23
0 973.39 591.44 1005.39 663.44
0 942.49 672.77 977.49 727.77
0 942.82 806.62 959.82 835.62
0 654.89 525.16 671.89 550.16
0 551.61 631.73 577.61 656.73
0 209.19 164.6 240.19 198.6
0 152.98 289.53 182.98 325.53
2 361.37 529.23 453.37 620.23
2 691.22 539.44 754.22 602.44
2 671.36 623.56 723.36 704.56
2 468.05 607.67 493.05 651.67
2 300.53 637.69 339.53 690.69
2 617.53 728.54 647.53 758.54
1 153.43 755.6 173.43 775.6
1 151.36 774.7 171.36 793.7
1 183.34 194.63 203.34 213.63
1 873.5 776.51 898.5 801.51
1 204.35 688.38 222.35 706.38
1 756.66 460.28 776.66 484.28
