0 742.16 774.49 799.16 860.49
0 693.06 615.5 755.06 667.5
0 862.99 758.47 932.99 816.47
0 860.41 805.09 910.41 887.09
0 950.29 741.43 1012.29 832.43
0 938.42 618.12 1012.42 698.12
0 953.47 439.5 1018.47 539.5
0 906.49 238.43 948.49 296.43
0 794.56 382.89 841.56 411.89
0 515.43 336.4 571.43 370.4
0 361.43 937.59 410.43 974.59
0 414.26 813.51 460.26 841.51
0 637.98 849.6 685.98 894.6
0 690.21 692.33 723.21 745.33
0 741.93 33.38 789.93 65.38
0 42.94 989.69 96.94 1024.69
0 419.84 663.25 458.84 706.25
0 837.97 674.47 893.97 712.47
0 833.48 654.64 898.48 749.64
0 789.14 732.38 832.14 758.38
0 360.5 352.61 407.5 383.61
0 947.37 971.33 996.37 1026.33
0 393.64 475.35 422.64 498.35
0 66.96 401.64 100.96 446.64
0 830.09 473.07 907.09 539.07
2 959.9 11.35 1026.9 60.35
2 839.43 881.25 940.43 960.25
2 163.5 710.68 204.5 750.68
2 284.17 730.32 329.17 775.32
2 266.34 589.62 304.34 626.62
2 58.36 463.31 107.36 510.31
2 219.18 428.64 254.18 462.64
2 449.49 486.13 506.49 542.13
2 613.78 608.37 664.78 658.37
2 545.06 526.19 591.06 571.19
2 662.5 271.21 729.5 337.21
2 706.31 143.59 768.31 204.59
2 806.59 276.0 870.59 339.0
2 856.26 116.2 921.26 180.2
2 430.21 946.55 492.21 1008.55
2 330.12 428.4 363.12 461.4
2 186.0 221.41 222.0 256.41
2 155.2 -0.83 198.2 36.17
2 276.0 42.17 312.0 78.17
2 9.17 231.14 48.17 269.14
2 582.38 485.36 636.38 537.36
2 893.13 388.47 956.13 450.47
2 483.3 268.1 535.3 320.1
2 861.2 425.3 908.2 472.3
2 647.53 -1.24 688.53 32.76
2 607.83 879.22 650.83 945.22
2 296.93 607.29 329.93 657.29
2 340.28 987.48 393.28 1023.48
2 716.89 183.56 769.89 212.56
2 636.53 325.32 682.53 360.32
2 757.36 314.76 781.36 348.76
2 801.05 199.39 835.05 250.39
2 852.31 271.08 882.31 296.08
2 989.14 663.76 1020.14 712.76
2 537.13 696.3 564.13 733.3
2 391.19 565.26 426.19 592.26
2 268.3 271.5 298.3 310.5
2 125.26 305.01 149.26 346.01
1 277.0 379.23 299.0 401.23
1 470.46 133.4 497.46 160.4
1 433.24 221.76 457.24 246.76
1 454.38 431.78 484.38 461.78
1 458.41 360.25 480.41 381.25
1 495.31 568.44 514.31 586.44
1 251.41 522.21 275.41 546.21
1 139.32 369.59 159.32 389.59
1 54.18 202.43 79.18 227.43
1 26.48 261.39 49.48 284.39
1 189.0 131.23 211.0 153.23
1 194.49 69.39 217.49 92.39
1 105.16 134.1 128.16 157.1
1 -0.72 70.64 14.28 93.64
1 314.5 265.3 333.5 284.3
1 310.15 235.66 331.15 256.66
1 291.59 169.84 313.59 191.84
1 534.32 200.57 556.32 222.57
1 597.0 69.23 623.0 95.23
1 649.0 70.62 671.0 92.62
1 812.07 54.32 829.07 71.32
1 779.32 156.45 810.32 186.45
1 86.5 590.69 105.5 609.69
1 155.63 762.54 177.63 784.54
1 240.88 814.98 257.88 831.98
1 307.66 815.28 333.66 841.28
1 311.34 844.38 339.34 873.38
1 250.3 923.18 268.3 941.18
1 277.0 938.62 299.0 960.62
1 167.67 987.78 193.67 1013.78
1 212.1 885.22 233.1 907.22
1 120.0 932.45 140.0 953.45
1 74.25 849.71 103.25 878.71
1 33.2 788.05 60.2 815.05
1 56.5 656.12 83.5 683.12
1 250.12 673.12 275.12 698.12
1 521.98 746.17 541.98 766.17
1 521.03 868.56 547.03 894.56
1 494.5 992.73 517.5 1015.73
1 782.36 998.34 808.36 1023.34
1 761.3 500.41 781.3 521.41
1 723.85 266.63 742.85 285.63
1 457.23 9.51 485.23 37.51
1 458.5 68.73 485.5 95.73
1 250.0 12.1 266.0 28.1
1 326.18 4.21 351.18 28.21
1 256.15 194.33 281.15 219.33
1 617.23 187.7 645.23 216.7
1 801.0 565.24 831.0 595.24
1 691.51 479.1 720.51 508.1
1 310.28 442.17 331.28 462.17
1 397.03 851.2 427.03 881.2
1 359.88 739.38 382.88 762.38
1 488.5 872.44 511.5 894.44
1 573.0 958.38 599.0 983.38
1 604.5 754.54 631.5 780.54
1 130.26 167.41 155.26 191.41
1 121.2 40.05 148.2 67.05
1 38.18 894.43 63.18 919.43
1 331.49 496.46 360.49 525.46
1 531.8 612.05 558.8 639.05
1 693.0 514.52 715.0 536.52
1 683.5 537.69 716.5 570.69
1 497.14 51.54 524.14 79.54
1 495.3 34.67 519.3 57.67
1 365.98 144.36 393.98 173.36
1 324.98 196.5 354.98 226.5
1 157.87 574.73 184.87 601.73
1 94.34 754.67 120.34 780.67
1 127.08 817.67 154.08 845.67
1 132.0 854.24 160.0 882.24
1 237.28 764.49 265.28 793.49
1 274.09 770.54 299.09 796.54
1 790.36 932.56 816.36 958.56
