0 479.33 78.29 549.33 151.29
0 412.55 214.1 455.55 268.1
0 393.01 304.47 435.01 344.47
0 426.43 79.33 474.43 124.33
0 409.98 33.13 457.98 71.13
0 557.81 39.88 596.81 78.88
0 601.18 85.87 627.18 117.87
0 495.06 158.09 545.06 210.09
0 595.41 296.44 637.41 332.44
0 663.33 269.4 693.33 306.4
0 339.24 22.19 392.24 80.19
0 226.17 45.26 295.17 102.26
0 186.51 119.63 233.51 174.63
0 82.58 96.65 134.58 138.65
0 76.25 132.81 108.25 170.81
0 13.98 208.2 57.98 263.2
0 85.37 277.45 129.37 327.45
0 68.36 269.71 94.36 301.71
0 184.2 146.12 247.2 208.12
0 256.26 283.38 290.26 347.38
0 309.16 326.49 332.16 363.49
0 191.0 441.67 225.0 494.67
0 184.76 501.09 219.76 530.09
0 395.36 462.57 418.36 486.57
0 482.5 376.61 521.5 405.61
0 499.21 348.22 528.21 386.22
0 650.29 351.39 684.29 375.39
0 674.24 70.43 715.24 106.43
0 649.28 192.72 700.28 240.72
0 704.06 133.11 761.06 183.11
0 785.14 202.7 818.14 245.7
0 812.18 112.65 843.18 152.65
0 811.25 52.71 841.25 93.71
0 817.55 26.49 860.55 80.49
0 829.37 198.38 859.37 229.38
0 870.39 106.31 918.39 149.31
0 937.08 87.6 982.08 124.6
0 867.0 172.22 895.0 206.22
0 971.0 37.58 999.0 77.58
0 969.41 225.38 992.41 241.38
0 970.49 399.19 995.49 434.19
0 731.11 387.41 756.11 412.41
0 538.72 257.79 574.72 283.79
0 811.05 600.26 839.05 632.26
0 662.11 713.27 695.11 736.27
0 628.39 873.47 648.39 900.47
0 889.04 705.62 911.04 737.62
0 616.13 122.17 667.13 194.17
0 509.51 702.47 531.51 733.47
0 349.0 892.73 370.0 921.73
0 388.51 820.19 417.51 841.19
0 280.34 850.5 303.34 868.5
0 161.21 625.54 189.21 650.54
0 152.38 697.48 174.38 728.48
0 18.2 700.11 49.2 744.11
0 16.28 561.29 44.28 582.29
0 34.06 577.2 67.06 603.2
0 140.03 481.38 169.03 506.38
0 226.2 480.5 252.2 513.5
0 321.56 253.07 374.56 309.07
0 336.23 120.03 359.23 167.03
0 370.82 142.46 427.82 192.46
0 736.29 457.48 765.29 477.48
0 754.23 534.23 784.23 556.23
0 244.2 396.19 272.2 437.19
0 286.94 432.47 307.94 455.47
0 62.26 360.43 85.26 393.43
0 6.3 438.64 41.3 468.64
0 114.28 796.67 143.28 820.67
0 428.5 764.97 451.5 791.97
0 526.17 835.76 552.17 861.76
0 696.02 836.25 720.02 863.25
0 809.0 374.52 842.0 403.52
0 862.32 970.45 885.32 997.45
0 556.47 472.74 583.47 498.74
0 245.27 102.14 286.27 149.14
0 462.94 -2.47 519.94 42.53
0 798.0 803.13 817.0 826.13
0 631.8 776.27 658.8 808.27
0 742.19 755.91 767.19 785.91
0 459.82 783.97 484.82 813.97
0 279.09 608.22 306.09 630.22
0 490.19 412.65 513.19 436.65
0 614.25 197.54 641.25 221.54
2 740.32 32.09 792.32 84.09
2 719.26 44.7 741.26 67.7
2 695.79 219.01 732.79 256.01
2 737.13 286.25 762.13 310.25
2 747.13 145.64 806.13 204.64
2 836.59 300.44 882.59 346.44
2 687.16 -0.34 724.16 35.66
2 663.2 0.54 693.2 34.54
2 605.47 -1.82 662.47 45.18
2 549.35 18.16 625.35 106.16
2 306.1 136.61 339.1 170.61
2 320.59 185.52 382.59 247.52
2 307.31 234.44 344.31 270.44
2 283.77 284.45 325.77 326.45
2 148.3 224.47 184.3 260.47
2 130.79 219.36 195.79 284.36
2 65.43 -0.12 115.43 48.88
2 83.38 168.58 151.38 236.58
2 163.42 327.69 237.42 401.69
2 62.25 463.45 106.25 515.45
2 48.64 409.83 88.64 449.83
2 165.33 443.31 195.33 479.31
2 283.03 487.59 337.03 538.59
2 304.14 531.34 327.14 554.34
2 62.26 667.62 94.26 699.62
2 101.89 547.33 164.89 618.33
2 57.27 910.58 101.27 955.58
2 46.52 995.71 75.52 1024.71
2 80.4 994.56 104.4 1018.56
2 237.36 893.34 263.36 920.34
2 209.59 812.52 229.59 832.52
2 369.2 836.69 390.2 857.69
2 475.49 847.68 504.49 876.68
2 515.51 738.67 546.51 769.67
2 507.16 964.67 528.16 985.67
2 356.29 995.35 382.29 1020.35
2 404.38 697.29 432.38 725.29
2 456.22 695.57 483.22 723.57
2 444.16 688.5 463.16 708.5
2 690.35 739.8 720.35 769.8
2 741.98 833.46 779.98 871.46
2 949.77 788.45 991.77 830.45
2 747.47 614.47 780.47 646.47
2 690.72 561.7 723.72 594.7
2 889.31 517.4 931.31 560.4
2 701.2 645.35 744.2 688.35
2 832.35 761.66 856.35 784.66
2 976.01 542.23 1006.01 572.23
2 687.64 369.22 721.64 401.22
2 822.01 276.17 842.01 296.17
2 550.38 315.19 610.38 375.19
2 515.5 255.7 576.5 316.7
2 457.49 566.71 486.49 595.71
2 416.24 594.62 448.24 626.62
2 417.07 617.57 447.07 647.57
2 625.38 450.57 649.38 474.57
2 558.38 751.58 580.38 773.58
2 267.17 400.14 304.17 436.14
2 -1.04 368.26 37.96 411.26
2 101.23 333.41 124.23 355.41
2 91.03 390.28 133.03 425.28
2 87.12 506.55 134.12 553.55
2 69.27 560.51 98.27 588.51
2 129.86 753.11 162.86 786.11
2 101.81 819.42 126.81 844.42
2 402.52 871.37 429.52 898.37
2 345.03 552.4 367.03 575.4
2 418.07 377.52 452.07 411.52
2 229.19 571.46 260.19 602.46
2 -0.33 85.87 28.67 137.87
2 109.05 174.23 132.05 205.23
2 117.6 276.06 143.6 288.06
2 244.49 242.41 280.49 264.41
2 234.32 199.49 250.32 232.49
2 351.28 205.72 379.28 238.72
2 479.05 261.29 499.05 274.29
2 529.3 186.72 553.3 216.72
2 648.05 94.62 670.05 138.62
2 802.26 315.34 826.26 348.34
2 861.09 134.35 880.09 159.35
2 935.64 243.56 953.64 263.56
2 841.48 429.96 869.48 448.96
2 815.11 440.83 834.11 468.83
2 897.46 465.57 914.46 487.57
2 830.14 701.16 850.14 723.16
2 859.6 703.39 878.6 717.39
2 683.49 900.61 705.49 917.61
2 591.19 878.24 608.19 900.24
2 575.59 854.81 594.59 874.81
2 596.91 788.58 615.91 804.58
2 702.41 621.67 721.41 642.67
2 619.39 538.45 640.39 565.45
2 646.18 567.55 667.18 583.55
2 487.24 489.7 510.24 522.7
2 546.38 526.43 566.38 540.43
2 550.93 435.88 568.93 461.88
2 486.61 241.69 517.61 268.69
2 433.58 409.3 457.58 438.3
2 402.69 490.98 420.69 507.98
2 353.12 630.76 383.12 652.76
2 374.1 722.53 397.1 752.53
2 261.25 945.19 283.25 977.19
2 223.53 949.34 247.53 963.34
2 241.25 698.55 268.25 722.55
2 40.42 650.2 68.42 672.2
2 0.27 708.31 23.27 729.31
2 96.34 774.92 116.34 789.92
2 220.29 851.25 234.29 873.25
2 957.34 335.13 1009.34 389.13
2 977.0 640.07 1003.0 667.07
2 542.97 632.33 569.97 659.33
2 655.46 785.53 680.46 812.53
2 831.5 861.41 862.5 890.41
2 810.51 775.23 834.51 799.23
2 574.11 894.7 599.11 920.7
2 557.88 967.47 576.88 995.47
2 517.3 924.51 535.3 937.51
2 775.36 688.37 793.36 702.37
2 834.65 813.01 850.65 826.01
2 948.0 875.23 962.0 888.23
2 523.35 349.24 553.35 379.24
2 577.35 407.46 603.35 433.46
2 656.29 395.54 674.29 413.54
2 362.66 331.93 391.66 360.93
2 581.44 169.51 609.44 196.51
2 559.58 190.4 580.58 211.4
2 574.14 186.37 604.14 216.37
2 695.37 344.43 713.37 367.43
1 606.11 657.29 643.11 680.29
1 606.45 747.52 622.45 771.52
1 629.79 736.55 654.79 752.55
1 764.06 657.66 779.06 681.66
1 795.35 633.15 823.35 651.15
1 806.53 726.56 824.53 738.56
1 783.97 912.12 795.97 926.12
1 807.22 914.58 828.22 936.58
1 679.01 859.7 705.01 884.7
1 714.92 925.16 732.92 943.16
1 746.38 947.52 766.38 968.52
1 740.0 970.43 758.0 988.43
1 775.4 993.68 793.4 1012.68
1 830.23 978.25 847.23 995.25
1 737.83 877.58 758.83 899.58
1 608.18 951.66 625.18 970.66
1 630.35 982.66 656.35 1007.66
1 610.25 692.48 627.25 708.48
1 441.98 875.34 463.98 898.34
1 389.32 953.58 413.32 977.58
1 434.14 925.83 457.14 949.83
1 463.92 937.5 478.92 953.5
1 494.5 968.76 511.5 986.76
1 436.96 1008.28 456.96 1025.28
1 425.53 797.48 450.53 822.48
1 490.35 812.71 512.35 835.71
1 464.45 727.48 479.45 743.48
1 488.38 736.66 508.38 757.66
1 338.04 692.47 364.04 719.47
1 318.48 748.55 341.48 772.55
1 296.27 723.38 318.27 746.38
1 209.63 743.34 231.63 764.34
1 291.36 798.03 311.36 819.03
1 224.99 821.11 240.99 837.11
1 230.79 832.82 253.79 856.82
1 276.0 860.99 294.0 879.99
1 290.81 933.58 305.81 948.58
1 310.79 951.15 327.79 969.15
1 279.22 894.7 300.22 915.7
1 349.58 847.72 373.58 872.72
1 145.15 858.53 166.15 880.53
1 157.24 907.63 171.24 922.63
1 118.05 948.71 132.05 962.71
1 38.53 873.59 63.53 897.59
1 46.63 831.1 72.63 856.1
1 70.38 897.5 101.38 923.5
1 280.14 652.55 305.14 681.55
1 262.27 598.13 279.27 614.13
1 347.54 596.39 380.54 621.39
1 406.43 541.73 421.43 557.73
1 385.53 512.59 404.53 534.59
1 202.0 566.16 216.0 586.16
1 244.5 617.05 257.5 635.05
1 108.37 631.22 136.37 659.22
1 85.48 649.41 112.48 676.41
1 32.6 621.12 48.6 637.12
1 38.88 676.12 63.88 701.12
1 144.37 675.5 158.37 689.5
1 200.35 684.23 228.35 712.23
1 211.25 597.69 234.25 620.69
1 454.32 654.35 470.32 671.35
1 495.34 633.72 521.34 660.72
1 592.1 604.61 609.1 621.61
1 601.57 583.56 621.57 603.56
1 658.42 615.54 680.42 637.54
1 676.84 600.06 699.84 623.06
1 560.29 600.41 577.29 617.41
1 723.56 644.27 734.56 655.27
1 751.4 788.61 769.4 805.61
1 769.5 568.73 796.5 595.73
1 841.31 539.29 859.31 556.29
1 851.8 597.69 874.8 620.69
1 879.65 586.24 901.65 608.24
1 897.95 639.3 910.95 652.3
1 942.21 640.32 959.21 657.32
1 955.12 622.38 978.12 645.38
1 879.5 684.43 896.5 701.43
1 914.29 688.12 926.29 700.12
1 908.0 755.28 922.0 770.28
1 917.52 793.81 939.52 815.81
1 866.52 825.66 883.52 842.66
1 890.37 821.25 910.37 840.25
1 935.0 730.17 955.0 750.17
1 972.18 659.5 985.18 673.5
1 976.63 602.5 990.63 616.5
1 975.16 710.24 992.16 728.24
1 986.26 720.67 1016.26 751.67
1 1014.8 776.06 1024.8 788.06
1 1001.13 572.54 1020.13 592.54
1 963.56 518.39 982.56 536.39
1 913.38 582.2 935.38 604.2
1 872.27 513.44 893.27 534.44
1 784.18 609.64 799.18 624.64
1 723.11 527.49 736.11 541.49
1 697.12 508.56 718.12 530.56
1 723.34 560.35 745.34 583.35
1 501.33 594.37 529.33 621.37
1 572.52 549.66 595.52 572.66
1 495.06 524.02 506.06 535.02
1 471.38 605.58 481.38 614.58
1 490.52 683.45 519.52 712.45
1 663.03 948.43 693.03 979.43
1 648.03 908.11 658.03 918.11
1 527.5 869.6 544.5 886.6
1 510.15 851.24 527.15 869.24
1 474.0 884.5 492.0 902.5
1 701.5 792.42 722.5 812.42
1 889.32 896.45 919.32 927.45
1 902.14 931.43 917.14 947.43
1 869.14 918.25 882.14 931.25
1 957.56 908.88 983.56 934.88
1 961.32 976.57 983.32 998.57
1 301.99 994.84 325.99 1018.84
1 141.61 919.55 161.61 939.55
1 131.49 958.38 152.49 979.38
1 159.03 962.61 177.03 980.61
1 126.0 1014.04 150.0 1025.04
1 172.38 811.15 186.38 825.15
1 161.03 729.59 177.03 745.59
1 263.41 760.24 287.41 784.24
1 164.31 763.75 190.31 796.75
1 178.17 914.97 197.17 935.97
1 20.44 968.55 41.44 994.55
1 98.2 837.28 121.2 856.28
1 704.51 464.24 724.51 486.24
1 673.18 465.45 701.18 497.45
1 642.24 456.33 675.24 487.33
1 599.26 444.44 618.26 466.44
1 525.47 475.5 550.47 505.5
1 535.1 408.6 561.1 436.6
1 552.99 494.58 575.99 518.58
1 456.69 500.35 474.69 520.35
1 360.35 493.63 384.35 521.63
1 311.23 415.3 326.23 434.3
1 377.12 388.52 398.12 405.52
1 378.42 262.57 404.42 294.57
1 383.81 224.26 397.81 241.26
1 504.27 211.71 519.27 229.71
1 461.03 240.23 479.03 262.23
1 400.96 182.53 430.96 208.53
1 372.95 116.11 386.95 130.11
1 337.2 95.47 352.2 113.47
1 17.1 278.37 32.1 295.37
1 161.53 1012.15 179.53 1025.15
1 349.0 734.41 363.0 751.41
1 374.5 801.56 399.5 829.56
1 746.42 334.72 756.42 346.72
1 708.98 306.55 730.98 326.55
1 682.29 426.42 708.29 447.42
1 777.51 355.44 800.51 382.44
1 754.2 345.4 775.2 370.4
1 786.27 407.97 806.27 424.97
1 852.14 371.55 869.14 391.55
1 905.64 235.4 929.64 264.4
1 890.09 286.18 906.09 306.18
1 919.25 370.45 941.25 390.45
1 906.19 430.21 933.19 452.21
1 897.17 390.5 924.17 418.5
1 880.98 25.68 916.98 56.68
1 909.99 88.69 938.99 120.69
1 891.99 169.78 916.99 200.78
1 962.23 296.62 975.23 309.62
1 939.04 317.48 959.04 334.48
1 917.52 335.03 931.52 351.03
1 932.01 296.45 950.01 317.45
1 511.06 40.49 533.06 68.49
1 456.21 181.68 486.21 219.68
1 623.75 491.38 644.75 510.38
1 604.41 501.23 620.41 520.23
1 871.12 461.36 893.12 482.36
1 820.44 483.37 838.44 498.37
1 844.18 471.79 861.18 491.79
1 942.11 478.35 965.11 497.35
1 915.21 314.15 926.21 326.15
1 786.27 473.97 805.27 488.97
1 793.8 428.68 804.8 438.68
1 989.17 486.4 1022.17 513.4
1 1009.08 624.69 1025.08 649.69
1 792.05 663.17 810.05 683.17
1 494.29 537.7 516.29 558.7
1 441.66 449.68 469.66 475.68
1 497.22 471.63 514.22 490.63
1 312.25 549.82 338.25 575.82
1 184.26 542.33 221.26 571.33
1 120.39 541.35 140.39 564.35
1 929.39 813.65 960.39 836.65
1 996.55 947.32 1009.55 963.32
1 985.45 968.36 1000.45 983.36
1 996.74 898.27 1024.74 926.27
1 924.88 160.63 969.88 205.63
1 989.14 287.7 1008.14 306.7
1 876.01 223.21 900.01 247.21
1 909.97 278.78 931.97 300.78
1 972.04 142.19 990.04 160.19
1 625.43 599.57 655.43 629.57
1 241.01 527.34 267.01 552.34
1 275.37 552.22 301.37 578.22
1 325.98 629.57 349.98 653.57
1 335.3 649.54 363.3 677.54
1 23.33 790.59 51.33 818.59
1 131.2 428.53 160.2 456.53
