0 154.0 243.58 186.0 295.58
0 214.29 160.67 248.29 191.67
0 241.11 91.64 264.11 123.64
0 284.52 156.18 331.52 189.18
0 370.48 18.18 401.48 62.18
0 471.3 153.56 523.3 190.56
0 417.08 82.45 463.08 112.45
0 231.22 301.2 266.22 327.2
0 612.09 112.63 637.09 131.63
0 670.48 208.26 721.48 249.26
0 711.87 265.39 750.87 297.39
0 761.93 98.46 800.93 128.46
0 770.27 154.5 796.27 191.5
0 904.14 95.49 961.14 155.49
0 960.98 194.12 1002.98 250.12
0 798.52 31.41 828.52 58.41
0 843.35 124.84 871.35 159.84
0 809.98 209.21 841.98 251.21
0 939.94 440.58 998.94 483.58
0 769.26 478.52 837.26 528.52
0 927.66 525.59 989.66 570.59
0 718.08 501.42 762.08 533.42
0 766.42 449.56 796.42 473.56
0 95.0 389.01 133.0 434.01
0 87.48 523.17 128.48 553.17
0 597.31 567.37 641.31 599.37
0 518.22 385.08 552.22 427.08
0 819.38 615.51 855.38 655.51
0 787.03 641.48 829.03 693.48
0 962.31 722.57 1025.31 772.57
0 927.44 840.79 980.44 904.79
0 797.31 928.12 857.31 976.12
0 716.14 925.6 757.14 966.6
0 824.12 738.48 881.12 784.48
0 729.29 733.32 781.29 784.32
0 771.16 595.63 806.16 631.63
0 727.43 659.48 763.43 687.48
0 694.97 730.58 724.97 768.58
0 658.48 767.1 701.48 801.1
0 543.54 733.5 584.54 769.5
0 618.8 693.42 643.8 724.42
0 431.33 980.32 471.33 1013.32
0 359.17 885.41 394.17 913.41
0 349.5 417.95 386.5 456.95
0 668.96 478.25 710.96 511.25
0 842.32 457.62 872.32 489.62
0 790.64 401.29 822.64 436.29
0 875.11 927.5 906.11 967.5
0 515.33 574.47 551.33 620.47
0 56.23 721.12 93.23 751.12
0 208.13 468.44 233.13 497.44
2 38.35 180.47 80.35 222.47
2 74.11 136.41 103.11 165.41
2 1.19 295.6 28.19 323.6
2 329.23 325.05 380.23 375.05
2 353.22 121.34 384.22 152.34
2 560.98 0.38 610.98 50.38
2 433.48 520.47 490.48 578.47
2 639.17 595.08 690.17 645.08
2 531.5 765.65 588.5 822.65
2 596.96 961.23 662.96 1025.23
2 123.37 660.37 163.37 701.37
2 203.19 730.6 250.19 777.6
2 822.38 76.1 872.38 109.1
2 902.04 158.39 934.04 215.39
2 935.45 266.52 972.45 328.52
2 874.58 223.44 905.58 274.44
2 879.09 318.36 922.09 395.36
2 873.17 587.26 932.17 678.26
2 967.48 937.5 1020.48 1009.5
2 890.13 886.42 911.13 919.42
2 743.52 782.69 768.52 820.69
2 711.49 631.02 755.49 661.02
2 632.51 850.36 670.51 875.36
2 595.28 708.49 619.28 742.49
2 286.38 221.0 327.38 250.0
2 182.27 300.71 207.27 323.71
2 185.11 606.27 212.11 642.27
2 268.74 337.09 289.74 370.09
2 602.13 222.3 650.13 259.3
2 375.09 896.39 429.09 934.39
2 52.5 936.67 83.5 967.67
2 230.13 906.95 267.13 943.95
1 139.82 76.68 178.82 115.68
1 413.32 224.3 453.32 265.3
1 777.0 211.22 811.0 245.22
1 525.8 183.44 560.8 218.44
1 634.72 144.79 662.72 172.79
1 543.22 81.31 570.22 108.31
1 573.17 85.2 596.17 107.2
1 601.17 34.48 628.17 76.48
1 499.34 59.69 523.34 84.69
1 469.25 14.59 497.25 40.59
1 290.13 17.24 311.13 43.24
1 264.97 63.59 290.97 91.59
1 41.66 73.39 55.66 88.39
1 112.33 111.52 134.33 135.52
1 105.36 182.2 137.36 218.2
1 0.3 179.22 26.3 209.22
1 37.53 390.42 62.53 415.42
1 45.31 146.75 69.31 173.75
1 36.23 515.71 65.23 544.71
1 201.29 529.73 229.29 554.73
1 276.67 432.69 308.67 459.69
1 255.12 462.23 282.12 486.23
1 235.39 439.28 263.39 473.28
1 303.2 506.52 338.2 539.52
1 307.01 569.47 333.01 600.47
1 369.16 534.63 404.16 564.63
1 429.19 440.39 464.19 481.39
1 444.5 321.72 475.5 358.72
1 484.51 317.68 515.51 350.68
1 371.72 634.57 393.72 652.57
1 347.05 639.71 377.05 676.71
1 360.22 612.48 381.22 637.48
1 254.21 777.33 283.21 800.33
1 261.01 747.45 288.01 771.45
1 161.47 728.58 182.47 754.58
1 230.01 862.06 262.01 897.06
1 85.27 767.62 104.27 791.62
1 49.85 665.71 76.85 690.71
1 93.3 672.05 117.3 695.05
1 85.97 825.18 121.97 855.18
1 69.24 883.5 104.24 915.5
1 138.08 885.5 171.08 917.5
1 259.49 971.15 300.49 1005.15
1 299.21 820.75 334.21 848.75
1 406.28 812.71 444.28 856.71
1 452.49 791.28 487.49 822.28
1 419.4 698.43 451.4 723.43
1 439.0 744.18 473.0 776.18
1 417.14 647.56 440.14 667.56
1 439.05 583.42 465.05 606.42
1 479.26 568.56 503.26 590.56
1 486.95 670.33 512.95 695.33
1 505.12 929.47 536.12 961.47
1 564.11 907.43 589.11 930.43
1 576.11 652.11 597.11 679.11
1 563.19 502.37 590.19 531.37
1 603.12 509.21 634.12 547.21
1 604.89 468.76 637.89 508.76
1 568.01 339.57 592.01 367.57
1 586.98 307.24 616.98 333.24
1 578.0 260.3 598.0 284.3
1 707.65 136.61 737.65 171.61
1 696.41 403.37 722.41 427.37
1 392.48 334.25 415.48 358.25
1 873.08 515.49 900.08 546.49
1 742.52 379.56 773.52 415.56
1 325.12 135.5 344.12 151.5
1 323.01 95.24 349.01 121.24
