0 19.96 360.58 67.96 411.58
0 160.79 481.56 221.79 522.56
0 236.1 445.51 289.1 509.51
0 303.07 457.15 346.07 511.15
0 128.36 619.6 194.36 716.6
0 71.95 768.45 147.95 862.45
0 121.25 893.24 193.25 948.24
0 203.03 905.11 245.03 959.11
0 268.01 919.49 316.01 967.49
0 303.55 900.3 356.55 977.3
0 348.23 900.6 385.23 955.6
0 150.16 717.11 207.16 779.11
0 209.96 772.98 257.96 829.98
0 219.53 816.61 284.53 867.61
0 255.19 692.27 306.19 757.27
0 288.27 726.51 334.27 788.51
0 364.31 504.25 442.31 573.25
0 403.82 675.99 466.82 754.99
0 521.99 544.4 589.99 610.4
0 528.1 658.39 589.1 728.39
0 498.26 739.16 575.26 833.16
0 559.41 758.63 623.41 833.63
0 536.18 900.73 613.18 1000.73
0 633.56 726.51 683.56 776.51
0 553.05 899.06 599.05 941.06
0 631.52 984.07 680.52 1024.07
0 847.91 476.4 899.91 526.4
0 839.39 522.47 867.39 560.47
0 838.34 551.44 872.34 599.44
0 655.48 619.29 736.48 690.29
0 764.35 919.65 834.35 1008.65
0 910.47 919.38 981.47 986.38
0 837.35 828.23 913.35 937.23
0 681.01 733.07 747.01 827.07
0 736.35 601.45 778.35 661.45
0 796.23 644.65 841.23 703.65
0 700.02 839.15 748.02 889.15
0 738.98 826.38 796.98 895.38
0 827.2 719.94 854.2 757.94
2 383.52 742.26 444.52 803.26
2 878.37 686.41 964.37 772.41
2 511.12 424.84 554.12 504.84
2 411.12 830.13 493.12 879.13
2 443.37 957.05 518.37 1003.05
2 455.45 336.42 519.45 382.42
2 599.28 501.09 678.28 555.09
2 703.38 770.38 738.38 826.38
1 544.18 286.4 565.18 311.4
1 890.34 363.63 928.34 396.63
1 96.43 531.4 119.43 558.4
1 808.48 857.4 827.48 880.4
1 907.97 891.66 943.97 924.66
