0 412.72 481.77 452.72 535.77
0 415.47 248.96 464.47 281.96
0 566.33 467.46 604.33 519.46
0 682.19 455.58 743.19 496.58
0 837.1 546.53 896.1 592.53
0 855.72 581.26 937.72 636.26
0 900.24 378.53 937.24 416.53
0 795.79 177.58 850.79 214.58
0 769.58 123.37 843.58 183.37
0 821.26 359.74 861.26 393.74
0 674.15 106.34 715.15 135.34
0 370.49 975.61 397.49 1015.61
0 705.4 138.16 741.4 190.16
0 822.13 7.52 859.13 51.52
0 940.12 55.52 1026.12 119.52
0 808.75 459.01 861.75 516.01
0 848.26 498.24 890.26 547.24
0 954.25 857.24 1012.25 916.24
0 737.5 261.45 766.5 305.45
0 615.6 131.37 648.6 155.37
0 235.18 527.07 278.18 561.07
2 266.36 645.35 315.36 693.35
2 366.52 671.37 413.52 719.37
2 499.36 631.43 535.36 666.43
2 485.12 550.2 520.12 586.2
2 424.5 622.63 463.5 661.63
2 453.88 647.39 488.88 682.39
2 434.5 768.56 477.5 811.56
2 467.51 961.45 528.51 1021.45
2 972.21 370.31 1028.21 471.31
2 921.0 448.18 967.0 493.18
2 702.73 807.52 795.73 900.52
2 551.63 905.9 581.63 935.9
2 353.0 851.26 383.0 881.26
2 354.5 742.65 389.5 777.65
2 231.64 577.18 265.64 611.18
2 -0.14 269.23 50.86 320.23
2 816.48 69.31 887.48 140.31
2 534.36 1.08 584.36 51.08
2 288.1 134.5 329.1 176.5
2 305.04 215.69 355.04 265.69
2 400.18 285.15 437.18 323.15
2 510.57 341.28 565.57 396.28
2 225.0 46.48 263.0 84.48
2 754.37 659.73 800.37 705.73
2 741.09 561.25 784.09 604.25
2 650.28 988.22 691.28 1025.22
2 55.17 786.46 90.17 820.46
2 519.38 503.38 547.38 522.38
2 961.18 931.23 1012.18 982.23
2 343.21 151.38 374.21 182.38
2 806.09 660.2 851.09 705.2
2 341.87 407.9 380.87 446.9
2 388.77 839.63 425.77 876.63
2 103.1 946.69 126.1 976.69
2 203.63 774.54 225.63 800.54
2 158.97 689.39 180.97 716.39
1 23.5 65.69 56.5 98.69
1 75.51 54.5 108.51 88.5
1 181.68 77.79 211.68 107.79
1 126.5 204.01 153.5 231.01
1 172.14 180.56 197.14 206.56
1 161.27 246.39 193.27 279.39
1 129.33 294.39 145.33 311.39
1 82.5 356.73 105.5 379.73
1 175.47 416.49 200.47 441.49
1 97.12 427.34 128.12 458.34
1 90.41 502.57 112.41 524.57
1 132.21 514.34 165.21 547.34
1 10.2 511.52 35.2 535.52
1 9.0 569.15 31.0 591.15
1 35.99 581.33 59.99 604.33
1 94.34 631.84 116.34 653.84
1 136.5 620.67 167.5 651.67
1 205.14 681.6 228.14 705.6
1 189.13 725.54 208.13 745.54
1 57.2 730.67 80.2 753.67
1 -0.81 909.91 26.19 939.91
1 2.97 859.33 24.97 882.33
1 110.35 887.18 132.35 909.18
1 192.1 633.22 213.1 655.22
1 254.43 694.32 272.43 711.32
1 178.41 862.57 200.41 884.57
1 177.16 956.65 200.16 979.65
1 234.29 995.46 263.29 1023.46
1 279.35 865.4 303.35 888.4
1 231.13 903.19 254.13 925.19
1 306.38 811.55 324.38 828.55
1 280.0 785.53 304.0 809.53
1 348.0 584.21 372.0 608.21
1 382.14 556.59 403.14 578.59
1 374.3 509.22 404.3 539.22
1 242.43 458.32 260.43 475.32
1 300.09 322.57 321.09 344.57
1 385.2 201.6 408.2 225.6
1 325.27 189.46 353.27 217.46
1 430.43 127.89 456.43 153.89
1 393.13 70.55 411.13 88.55
1 428.04 78.67 457.04 108.67
1 488.0 180.45 508.0 201.45
1 506.35 103.24 532.35 129.24
1 530.03 79.42 570.03 119.42
1 509.12 183.38 532.12 206.38
1 418.5 380.01 445.5 407.01
1 576.0 160.17 608.0 192.17
1 632.15 299.24 657.15 325.24
1 642.0 161.36 666.0 184.36
1 687.35 295.37 707.35 314.37
1 695.83 217.43 722.83 244.43
1 645.0 -0.36 683.0 35.64
1 712.22 346.52 749.22 384.52
1 785.16 337.39 808.16 360.39
1 875.61 311.13 893.61 329.13
1 773.16 270.1 796.16 293.1
1 670.18 668.21 695.18 692.21
1 505.98 897.59 529.98 921.59
1 702.5 933.3 721.5 952.3
1 661.13 888.68 696.13 923.68
1 655.34 833.59 683.34 861.59
1 604.0 805.47 636.0 837.47
1 585.0 845.15 607.0 867.15
1 609.32 882.43 633.32 907.43
1 449.17 888.64 472.17 911.64
1 446.41 852.25 468.41 873.25
1 306.18 953.57 331.18 977.57
1 334.2 724.41 355.2 745.41
1 807.33 962.67 827.33 981.67
1 849.14 610.07 880.14 641.07
1 849.0 439.26 875.0 465.26
1 877.14 41.55 904.14 69.55
1 613.32 238.43 637.32 263.43
1 663.8 374.71 690.8 401.71
1 638.52 399.49 673.52 435.49
1 647.6 571.72 677.6 601.72
1 615.86 648.66 650.86 683.66
1 534.0 332.28 562.0 360.28
1 601.27 669.52 629.27 697.52
