0 107.45 91.5 140.45 119.5
0 127.81 179.76 158.81 205.76
0 164.54 165.24 219.54 220.24
0 45.53 442.47 102.53 504.47
0 335.46 650.22 364.46 682.22
0 435.0 822.53 465.0 856.53
0 482.35 855.07 520.35 897.07
0 317.14 115.86 408.14 214.86
0 480.97 619.43 586.97 751.43
0 315.28 230.28 346.28 251.28
0 380.44 437.3 410.44 464.3
0 709.43 667.68 777.43 756.68
0 697.28 375.43 752.28 438.43
0 838.4 222.3 877.4 247.3
0 186.99 787.52 240.99 863.52
0 444.32 204.44 462.32 229.44
0 420.25 168.7 446.25 195.7
0 231.35 959.65 255.35 995.65
0 381.47 994.62 398.47 1020.62
2 336.15 610.1 381.15 654.1
2 749.31 108.11 789.31 148.11
2 371.65 403.79 397.65 429.79
1 305.5 279.75 330.5 304.75
1 830.55 82.19 845.55 102.19
1 767.19 23.63 786.19 43.63
1 809.24 143.71 824.24 160.71
1 91.59 599.11 105.59 613.11
1 62.98 127.49 77.98 143.49
