0 53.36 688.07 141.36 772.07
0 338.2 867.79 363.2 908.79
0 370.75 869.46 427.75 933.46
0 437.12 735.7 456.12 764.7
0 503.3 406.37 543.3 455.37
0 348.42 248.12 398.42 296.12
0 562.19 236.15 639.19 320.15
0 645.48 125.41 681.48 173.41
0 669.0 510.69 723.0 589.69
0 819.66 187.04 841.66 208.04
0 867.07 223.16 893.07 245.16
0 838.34 260.8 871.34 288.8
0 826.42 940.39 860.42 977.39
0 729.11 203.25 760.11 245.25
0 256.41 47.73 278.41 76.73
0 517.21 339.32 536.21 362.32
0 761.43 262.6 777.43 284.6
0 404.19 80.18 421.19 104.18
0 77.3 333.24 97.3 363.24
2 699.34 274.2 727.34 302.2
2 617.27 368.42 645.27 397.42
2 365.11 199.47 400.11 215.47
1 510.0 84.17 530.0 104.17
1 291.29 770.37 315.29 795.37
1 383.48 706.35 404.48 727.35
1 319.27 714.87 342.27 738.87
1 899.39 931.58 919.39 955.58
1 507.48 642.59 520.48 657.59
1 481.35 681.15 493.35 695.15
1 468.48 580.99 483.48 597.99
1 502.23 498.89 527.23 526.89
1 869.63 199.63 887.63 220.63
