0 35.53 936.4 88.53 974.4
0 125.48 629.48 142.48 653.48
0 73.87 522.4 97.87 540.4
0 234.54 31.34 281.54 59.34
0 539.9 17.18 567.9 43.18
0 780.3 142.44 806.3 180.44
0 708.92 513.47 758.92 569.47
0 462.2 486.02 495.2 513.02
0 356.51 368.31 427.51 441.31
0 438.76 259.71 471.76 296.71
0 467.14 207.74 498.14 233.74
0 396.5 189.33 427.5 228.33
0 868.32 738.43 914.32 788.43
0 156.38 882.23 186.38 910.23
0 294.5 433.44 329.5 457.44
0 486.1 612.52 519.1 630.52
2 193.12 143.29 269.12 218.29
2 572.0 466.76 588.0 505.76
2 432.49 154.7 451.49 200.7
2 954.4 901.4 993.4 917.4
1 488.26 456.17 510.26 476.17
1 257.16 990.13 288.16 1014.13
1 731.01 786.53 745.01 804.53
1 766.44 742.5 784.44 764.5
1 575.25 836.74 594.25 855.74
1 498.2 554.19 515.2 574.19
