0 459.46 321.67 490.46 366.67
0 277.08 845.58 329.08 882.58
0 411.52 721.6 446.52 776.6
0 368.04 668.18 412.04 720.18
0 823.98 169.68 855.98 215.68
2 555.55 125.26 594.55 170.26
2 603.99 764.2 666.99 827.2
2 975.03 605.22 1003.03 633.22
2 909.27 850.37 935.27 875.37
2 857.97 71.79 895.97 128.79
2 443.1 515.8 505.1 598.8
2 771.87 564.89 854.87 622.89
1 20.94 216.21 40.94 234.21
1 71.18 286.64 99.18 307.64
1 231.52 523.15 252.52 541.15
1 124.5 663.72 141.5 684.72
1 122.38 868.61 141.38 885.61
1 322.5 209.23 341.5 231.23
1 307.51 175.66 328.51 195.66
1 298.5 214.25 321.5 236.25
1 338.98 145.69 361.98 165.69
1 394.53 212.11 410.53 230.11
1 377.94 391.17 398.94 410.17
1 522.0 136.15 546.0 156.15
1 697.45 63.61 712.45 80.61
1 674.48 265.76 701.48 296.76
1 727.0 168.22 749.0 194.22
1 766.01 157.22 790.01 183.22
1 774.5 199.72 803.5 234.72
1 975.02 353.2 995.02 375.2
1 706.52 645.76 733.52 676.76
