0 39.2 171.6 54.2 192.6
0 12.41 223.45 26.41 243.45
0 18.31 349.33 32.31 372.33
0 2.6 394.17 33.6 422.17
0 56.29 377.24 86.29 411.24
0 95.28 374.75 119.28 401.75
0 152.12 377.54 185.12 413.54
0 184.17 428.49 205.17 453.49
0 230.27 449.22 248.27 471.22
0 174.26 501.27 248.26 572.27
0 116.6 623.23 140.6 653.23
0 115.49 666.66 132.49 689.66
0 194.41 358.44 212.41 383.44
0 246.7 298.23 323.7 367.23
0 392.56 352.31 431.56 389.31
0 244.65 694.58 272.65 720.58
0 342.18 640.07 371.18 663.07
0 334.17 841.39 359.17 872.39
0 368.09 575.43 393.09 598.43
0 659.17 656.45 694.17 686.45
0 710.26 857.62 728.26 893.62
0 689.2 963.63 724.2 996.63
0 985.5 100.45 1007.5 125.45
0 412.32 219.45 434.32 258.45
1 200.41 246.53 222.41 264.53
1 511.45 420.48 532.45 438.48
1 589.09 528.85 607.09 552.85
1 545.11 818.27 560.11 834.27
1 429.5 679.5 442.5 692.5
1 175.5 234.32 188.5 247.32
1 731.5 613.5 748.5 630.5
1 692.88 581.69 709.88 598.69
1 940.33 464.9 958.33 481.9
1 981.27 693.15 1001.27 711.15
