0 384.45 597.75 411.45 628.75
0 83.1 150.64 110.1 197.64
0 196.74 218.25 230.74 235.25
0 245.83 181.31 275.83 196.31
0 330.92 -0.0 356.92 12.0
0 348.63 119.33 398.63 151.33
0 130.25 953.56 167.25 977.56
0 325.54 100.16 349.54 115.16
0 393.42 238.27 410.42 263.27
0 557.4 190.49 604.4 211.49
0 466.71 262.25 500.71 297.25
0 520.7 100.64 549.7 123.64
0 981.32 255.53 1020.32 276.53
0 948.57 299.11 973.57 318.11
0 893.38 351.47 915.38 367.47
0 809.26 357.58 874.26 402.58
0 692.18 190.69 709.18 220.69
0 635.24 235.52 655.24 259.52
0 811.15 233.45 832.15 257.45
0 894.33 198.57 928.33 229.57
0 807.25 256.82 836.25 276.82
0 70.03 824.52 154.03 896.52
0 74.48 556.61 119.48 579.61
0 581.69 647.42 622.69 688.42
0 661.14 583.29 686.14 619.29
0 504.1 382.48 535.1 408.48
0 744.27 581.8 796.27 640.8
0 491.99 830.77 553.99 874.77
0 871.38 755.6 902.38 790.6
0 466.96 603.44 497.96 624.44
0 75.15 500.18 123.15 543.18
0 163.08 566.38 186.08 611.38
0 542.7 701.27 576.7 726.27
0 887.02 696.29 911.02 726.29
0 895.17 929.76 931.17 971.76
0 933.32 742.24 956.32 753.24
0 258.34 708.71 294.34 753.71
0 484.0 964.64 509.0 980.64
2 39.12 387.86 84.12 428.86
2 267.93 490.31 303.93 530.31
2 355.1 375.26 382.1 395.26
2 527.32 407.2 570.32 443.2
2 682.47 262.61 715.47 287.61
2 539.24 128.43 576.24 160.43
2 953.27 326.11 987.27 354.11
2 721.53 774.36 758.53 814.36
2 231.16 291.6 272.16 330.6
2 83.22 631.25 118.22 663.25
2 182.97 313.43 210.97 341.43
2 191.62 535.7 234.62 578.7
2 600.23 760.09 626.23 786.09
2 583.05 836.57 616.05 870.57
2 491.2 541.37 513.2 564.37
2 446.07 549.29 462.07 565.29
2 457.3 565.41 479.3 586.41
2 374.02 157.76 413.02 196.76
2 125.32 80.34 145.32 100.34
2 408.81 833.55 434.81 859.55
2 484.41 884.51 502.41 902.51
2 476.62 898.44 494.62 915.44
2 325.49 764.17 362.49 801.17
2 397.15 805.26 414.15 823.26
2 794.47 618.3 819.47 644.3
2 799.44 642.61 823.44 666.61
2 321.28 446.39 343.28 468.39
2 817.71 474.08 843.71 500.08
2 980.94 798.28 1003.94 821.28
2 937.46 783.2 961.46 807.2
2 166.79 129.09 186.79 149.09
2 534.04 590.64 553.04 608.64
2 908.94 793.26 930.94 811.26
1 320.02 254.54 340.02 274.54
1 411.62 172.47 433.62 194.47
1 534.2 30.37 549.2 44.37
1 512.28 6.65 531.28 24.66
1 443.4 25.53 463.4 45.53
1 391.53 33.51 408.53 50.51
1 290.36 36.45 310.36 55.45
1 155.36 85.42 175.36 105.42
1 192.2 127.51 210.2 145.51
1 148.81 56.39 168.81 76.39
1 309.33 179.61 326.33 196.61
1 57.64 223.62 78.64 243.62
1 65.3 253.71 85.3 272.71
1 73.44 70.4 87.44 84.4
1 211.62 687.24 225.62 701.24
1 21.36 679.27 35.36 692.27
1 87.94 706.12 104.94 722.12
1 8.29 552.59 26.29 570.59
1 25.29 882.57 39.29 895.57
1 70.17 777.05 88.17 794.05
1 68.14 924.61 82.14 938.61
1 46.26 939.26 64.26 957.26
1 120.44 989.63 135.44 1004.63
1 -0.46 836.4 11.54 850.4
1 345.35 627.59 362.35 643.59
1 385.14 709.46 397.14 721.46
1 280.11 809.54 292.11 820.54
1 344.46 821.32 360.46 837.32
1 400.84 289.58 419.84 307.58
1 316.03 393.32 331.03 408.32
1 502.61 300.12 518.61 315.12
1 608.22 94.3 619.22 105.3
1 664.01 117.5 675.01 128.5
1 723.37 44.45 735.37 57.45
1 831.31 6.31 847.31 22.31
1 778.8 241.44 800.8 263.44
1 418.13 869.71 436.13 886.71
1 428.0 916.34 443.0 931.34
1 512.16 940.67 527.16 955.67
1 405.0 784.39 417.0 795.39
1 458.05 849.32 472.05 863.32
1 467.46 785.52 480.46 799.52
1 488.29 505.31 506.29 524.31
1 544.22 456.3 558.22 470.3
1 550.1 335.33 561.1 346.33
1 693.38 370.51 711.38 387.51
1 608.38 383.57 634.38 401.57
1 443.21 529.3 461.21 541.3
1 617.22 203.3 638.22 221.3
1 719.04 190.26 732.04 206.26
1 789.18 332.23 807.18 347.23
1 843.66 333.13 860.66 349.13
1 922.39 352.31 940.39 368.31
1 855.44 198.67 873.44 215.67
1 859.08 146.97 872.08 161.97
1 961.11 159.48 980.11 180.48
1 956.37 177.57 973.37 194.57
1 940.38 74.7 958.38 92.7
1 851.34 627.22 866.34 641.22
1 825.29 630.54 843.29 648.54
1 912.68 598.35 930.68 616.35
1 981.17 593.61 1001.17 613.61
1 995.08 628.62 1009.08 642.62
1 900.33 993.0 916.33 1009.0
1 786.96 797.51 802.96 813.51
1 770.59 764.98 792.59 778.98
1 806.17 766.24 817.17 775.24
1 941.71 257.36 956.71 271.36
1 925.21 143.5 936.21 160.5
1 728.0 141.29 745.0 152.29
1 882.21 458.25 897.21 473.25
1 941.0 486.4 959.0 504.4
1 1004.33 458.98 1019.33 473.98
1 981.15 439.49 993.15 452.49
1 220.07 305.1 234.07 319.1
1 212.15 258.71 238.15 284.71
1 95.0 199.39 107.0 211.39
1 38.43 92.47 55.43 108.47
1 55.13 325.44 68.13 338.44
1 57.16 827.47 79.16 850.47
1 356.81 959.95 373.81 974.95
1 174.24 384.38 183.24 391.38
1 208.01 360.35 223.01 373.35
