0 778.51 497.15 849.51 565.15
0 846.51 602.17 883.51 638.17
0 904.97 493.65 942.97 524.65
0 554.05 176.13 604.05 236.13
0 530.5 541.64 567.5 630.64
0 684.0 109.19 734.0 185.19
0 917.06 600.1 999.06 674.1
0 813.5 650.18 848.5 685.18
0 796.47 716.29 821.47 751.29
0 965.14 712.74 994.14 753.74
0 954.6 990.72 1004.6 1024.72
0 593.95 758.53 612.95 787.53
0 461.99 651.08 502.99 683.08
0 476.48 639.15 508.48 688.15
0 478.97 920.62 533.97 959.62
0 517.61 976.11 586.61 1014.11
0 351.51 770.74 368.51 802.74
0 447.94 761.61 487.94 788.61
0 225.67 556.6 247.67 596.6
0 419.99 169.64 457.99 204.64
0 704.0 267.18 742.0 301.18
0 41.47 495.08 90.47 529.08
0 297.73 534.2 326.73 562.2
0 228.2 793.24 253.2 829.24
0 243.03 256.72 270.03 301.72
0 290.45 297.72 307.45 330.72
0 213.16 142.17 244.16 198.17
0 546.22 436.28 591.22 473.28
0 676.23 550.62 718.23 596.62
0 305.97 -2.07 439.97 29.93
2 152.93 503.3 199.93 555.3
2 338.36 339.14 359.36 357.14
2 194.06 647.6 242.06 692.6
2 391.34 378.51 476.34 441.51
2 732.89 415.18 830.89 511.18
2 777.97 84.68 809.97 117.68
2 721.0 737.08 773.0 789.08
2 532.51 859.06 575.51 902.06
2 603.57 959.21 629.57 985.21
2 960.51 207.14 1019.51 265.14
2 495.54 353.13 534.54 391.13
2 72.96 301.7 102.96 331.7
1 275.0 138.25 305.0 168.25
1 160.47 -1.23 199.47 33.77
1 98.54 68.72 119.54 89.72
1 66.57 223.61 82.57 239.61
1 48.02 201.21 71.02 224.21
1 27.59 205.24 41.59 220.24
1 11.0 233.7 36.0 258.7
1 31.96 277.16 49.96 295.16
1 46.5 259.23 60.5 273.23
1 64.0 353.15 102.0 391.15
1 179.99 311.74 213.99 345.74
1 189.47 352.14 203.47 366.14
1 180.0 448.17 200.0 468.17
1 103.5 463.23 127.5 487.23
1 155.18 631.4 182.18 658.4
1 36.19 676.44 73.19 713.44
1 117.45 687.53 146.45 715.53
1 127.99 557.5 147.99 577.5
1 193.5 614.35 210.5 631.35
1 350.24 449.25 380.24 479.25
1 305.03 444.63 327.03 466.63
1 308.11 234.58 333.11 260.58
1 325.24 213.39 348.24 236.39
1 350.02 225.59 366.02 241.59
1 419.35 349.49 439.35 369.49
1 398.98 335.48 416.98 367.48
1 207.13 281.48 218.13 301.48
1 175.02 246.4 194.02 267.4
1 435.19 236.5 450.19 265.5
1 464.37 155.17 486.37 177.17
1 468.0 120.25 492.0 144.25
1 498.31 140.29 516.31 157.29
1 354.74 156.46 375.74 177.46
1 461.8 269.37 480.8 288.37
1 472.3 72.52 502.3 102.52
1 636.24 314.69 654.24 333.69
1 640.24 357.37 658.24 376.37
1 517.22 215.0 536.22 244.0
1 551.07 314.97 566.07 339.97
1 630.32 155.44 644.32 178.44
1 638.32 427.07 652.32 448.07
1 608.06 411.35 617.06 427.35
1 677.57 377.62 716.57 400.62
1 677.3 422.62 704.3 441.62
1 663.69 339.09 684.69 351.09
1 722.91 147.69 734.91 168.69
1 634.52 39.65 645.52 52.65
1 724.0 191.76 746.0 232.76
1 895.49 370.68 924.49 399.68
1 941.5 455.71 966.5 480.71
1 945.02 552.24 967.02 574.24
1 915.01 646.24 941.01 672.24
1 936.02 659.23 966.02 689.23
1 978.01 111.19 1014.01 147.19
1 736.5 115.26 765.5 151.26
1 585.5 356.23 616.5 386.23
1 646.05 538.73 672.05 562.73
1 630.51 566.64 645.51 585.64
1 653.08 576.18 667.08 592.18
1 571.58 571.25 586.58 587.25
1 415.02 561.76 441.02 596.76
1 354.0 664.25 374.0 690.25
1 294.96 679.25 314.96 703.25
1 358.01 721.7 376.01 746.7
1 391.05 710.25 413.05 734.25
1 433.53 667.6 444.53 680.6
1 264.0 782.67 300.0 825.67
1 298.61 728.6 335.61 763.6
1 45.58 948.21 72.58 966.21
1 55.96 999.78 67.96 1024.78
1 9.44 1000.97 26.44 1025.97
1 93.44 888.55 138.44 907.55
1 568.44 659.21 595.44 691.21
1 532.47 743.75 543.47 770.75
1 540.13 791.59 568.13 802.59
1 446.95 857.56 463.95 874.56
1 463.99 810.62 482.99 829.62
1 386.0 862.0 403.0 879.0
1 387.03 900.23 409.03 922.23
1 396.46 937.25 412.46 957.25
1 397.4 995.2 419.4 1015.2
1 225.46 873.64 238.46 891.64
1 473.47 716.71 492.47 741.71
1 609.93 688.63 627.93 712.63
1 675.42 740.64 687.42 758.64
1 329.46 950.14 344.46 961.14
1 767.98 923.27 789.98 951.27
1 881.99 880.18 915.99 910.18
1 753.0 831.63 793.0 862.63
1 895.04 916.1 933.04 946.1
1 705.51 911.8 730.51 950.8
1 691.5 866.29 712.5 898.29
1 818.53 945.12 865.53 981.12
1 783.5 759.71 812.5 788.71
1 838.62 881.24 865.62 909.24
1 901.45 818.56 952.45 845.56
1 782.38 649.24 805.38 673.24
1 684.0 789.19 712.0 817.19
1 870.5 316.74 899.5 345.74
1 857.0 839.26 883.0 865.26
1 831.01 842.25 853.01 864.25
1 106.0 762.26 132.0 788.26
1 112.5 946.65 135.5 969.65
1 266.02 605.24 288.02 627.24
1 146.5 75.64 165.5 94.64
1 383.04 59.09 401.04 77.09
1 591.5 -0.7 616.5 18.3
1 755.5 11.73 778.5 34.73
1 343.5 385.6 360.5 402.6
1 470.0 978.17 490.0 998.17
1 687.04 1007.0 709.04 1025.01
1 841.51 97.69 864.51 120.69
