0 264.98 24.66 340.98 85.66
0 511.32 213.24 583.32 264.24
0 596.06 180.17 668.06 219.17
0 563.14 23.52 604.14 51.52
0 696.33 117.18 726.33 137.18
0 729.18 85.31 762.18 136.31
0 943.17 202.42 974.17 235.42
0 427.53 213.35 497.53 253.35
0 610.21 342.27 656.21 415.27
0 486.17 418.07 519.17 468.07
0 431.45 633.08 492.45 669.08
0 593.0 602.37 621.0 641.37
0 678.13 520.73 697.13 577.73
0 687.44 670.28 718.44 691.28
0 732.3 863.69 756.3 898.69
0 519.52 970.54 554.52 1024.54
2 147.55 42.31 186.55 81.31
2 840.46 412.5 897.46 478.5
2 534.4 326.19 564.4 356.19
2 966.81 784.45 989.81 807.45
2 609.43 928.5 645.43 964.5
2 687.16 989.17 714.16 1017.17
2 358.26 879.71 384.26 906.71
2 149.36 1007.25 165.36 1022.25
2 244.09 694.42 263.09 713.42
2 813.5 540.65 878.5 613.65
2 784.59 471.67 831.59 520.67
2 275.24 451.31 302.24 498.31
2 295.65 913.5 318.65 942.5
2 5.4 898.97 52.4 948.97
1 48.34 132.33 68.34 151.33
1 240.19 93.52 271.19 126.52
1 232.27 189.2 264.27 223.2
1 407.24 222.32 423.24 239.32
1 397.12 111.16 413.12 129.16
1 636.99 140.22 664.99 168.22
1 406.22 182.75 433.22 209.75
1 134.89 207.01 160.89 233.01
1 37.8 257.25 51.8 271.25
1 -0.72 300.2 17.28 321.2
1 80.6 372.77 96.6 388.77
1 247.19 379.67 267.19 399.67
1 318.37 394.41 331.37 406.41
1 385.22 42.64 411.22 68.64
1 379.0 189.65 393.0 203.65
1 613.17 92.72 637.17 116.72
1 570.5 313.39 596.5 336.39
1 544.11 609.38 557.11 626.38
1 520.25 540.11 534.25 550.11
1 696.36 426.44 711.36 438.44
1 659.05 417.7 678.05 441.7
1 679.04 473.39 708.04 495.39
1 664.03 604.43 683.03 629.43
1 826.09 708.17 845.09 726.17
1 848.24 692.72 875.24 714.72
1 909.35 22.72 928.35 49.72
1 885.97 49.28 902.97 71.28
1 926.39 238.61 945.39 259.61
1 933.08 302.57 955.08 322.57
1 848.31 343.56 866.31 369.56
1 928.1 685.38 947.1 707.38
1 854.97 855.46 876.97 885.46
1 819.84 903.35 844.84 927.35
1 758.14 851.61 779.14 873.61
1 44.19 832.5 75.19 868.5
1 53.21 941.57 72.21 971.57
1 182.12 719.51 200.12 737.51
1 138.51 768.41 154.51 788.41
1 138.51 768.41 154.51 788.41
1 153.19 744.55 164.19 758.55
1 212.16 445.57 228.16 464.57
1 117.28 443.27 139.28 467.27
1 8.41 735.27 21.41 755.27
1 211.26 524.37 230.26 541.37
1 385.17 861.37 409.17 877.37
1 519.05 901.75 537.05 925.75
1 629.95 832.68 661.95 863.68
1 853.33 958.64 875.33 982.64
1 851.46 824.69 874.46 844.69
1 676.51 924.7 704.51 950.7
1 591.3 907.54 609.3 925.54
1 535.34 642.09 548.34 653.09
1 73.55 216.41 94.55 240.41
