0 832.09 921.69 896.09 1006.69
0 71.38 1.17 104.38 26.17
0 45.87 6.6 63.87 19.59
0 39.23 100.4 88.23 142.4
0 248.39 240.63 266.39 257.63
0 218.31 204.11 252.31 241.11
0 163.08 514.73 198.08 558.73
0 333.46 648.1 383.46 709.1
0 485.32 949.14 559.32 1001.14
0 431.17 968.07 479.17 1000.07
0 984.61 392.6 1027.61 458.6
0 656.51 241.27 688.51 299.27
0 412.37 456.44 458.37 481.44
0 529.38 300.32 556.38 320.32
0 568.4 462.02 605.4 486.02
0 877.53 214.63 903.53 234.63
0 698.52 176.19 722.52 208.19
2 76.38 485.38 96.38 505.38
2 61.48 688.21 98.48 724.21
2 259.41 133.24 278.41 152.24
2 599.51 50.35 620.51 71.35
2 873.19 333.1 936.19 397.1
2 795.35 709.81 823.35 737.81
2 932.21 967.26 957.21 992.26
2 879.5 662.41 901.5 684.41
2 420.04 853.46 462.04 895.46
2 499.42 687.8 532.42 720.8
2 433.99 494.34 491.99 553.34
2 868.28 62.38 906.28 100.38
2 980.08 301.33 1027.08 368.33
2 710.3 702.02 744.3 739.02
2 664.17 795.26 692.17 827.26
2 541.25 541.56 570.25 561.56
2 752.34 213.51 786.34 252.51
2 799.68 755.35 823.68 781.35
2 904.96 748.57 947.96 801.57
2 965.25 141.52 991.25 172.52
2 673.23 149.29 700.23 181.29
2 480.35 137.16 550.35 189.16
2 180.15 643.3 220.15 681.3
2 226.09 287.53 248.09 311.53
2 146.45 187.64 173.45 216.64
2 362.35 771.28 401.35 798.28
1 141.28 304.45 159.28 325.45
1 563.29 381.06 579.29 393.06
1 544.35 429.32 563.35 445.32
1 630.5 390.21 647.5 403.21
1 648.27 422.54 662.27 436.54
1 301.58 776.32 322.58 797.32
1 335.31 721.38 353.31 740.38
1 253.22 700.57 270.22 718.57
1 137.49 1004.91 160.49 1024.91
1 138.28 954.28 158.28 974.28
1 297.18 677.58 314.18 693.58
1 393.0 550.5 404.0 561.5
1 585.06 662.53 604.06 681.53
1 596.29 631.74 612.29 647.74
1 610.45 837.62 622.45 849.62
1 642.13 806.13 655.13 819.13
1 428.17 1003.04 446.17 1022.04
1 403.35 997.52 419.35 1013.52
1 729.16 950.96 746.16 966.96
1 804.19 905.61 818.19 919.61
1 808.16 571.28 822.16 584.28
1 924.23 157.64 942.23 175.64
1 841.83 199.68 861.83 219.68
1 960.17 213.63 974.17 227.63
1 832.14 320.5 844.14 333.5
1 988.11 469.1 1008.11 488.1
1 125.29 543.28 140.29 558.28
1 948.32 664.45 964.32 679.45
1 990.81 874.37 1006.81 891.37
1 759.0 392.29 768.0 401.29
1 639.31 6.38 655.31 22.38
1 531.17 5.11 543.17 17.11
1 567.18 84.18 574.18 91.18
1 182.26 487.2 194.26 498.2
1 523.42 632.49 535.42 644.49
1 339.24 614.33 353.24 629.33
1 910.21 663.45 921.21 675.45
