0 405.28 716.98 441.28 757.98
0 302.47 442.45 328.47 456.45
0 213.8 272.46 252.8 310.46
0 188.76 70.74 225.76 94.74
0 797.42 49.22 842.42 96.22
0 864.25 251.14 902.25 281.14
0 580.02 845.11 617.02 871.11
0 401.14 609.71 423.14 634.71
0 126.98 645.96 184.98 682.96
0 293.04 949.32 343.04 977.32
0 369.31 866.66 397.31 925.66
0 552.54 886.45 606.54 936.45
0 455.35 819.35 486.35 846.35
0 669.18 365.55 703.18 386.55
0 717.11 25.22 736.11 55.22
0 616.94 122.94 650.94 143.94
0 642.5 102.58 665.5 113.58
0 554.11 328.7 588.11 352.7
0 254.63 546.45 266.63 567.45
0 247.89 598.23 266.89 607.23
0 775.46 660.76 800.46 695.76
0 642.3 788.67 667.3 800.67
0 693.04 922.36 715.04 935.36
0 370.2 935.73 387.2 955.73
0 223.96 708.34 259.96 757.34
0 408.8 766.4 481.8 840.4
0 64.97 961.17 114.97 996.17
2 693.06 439.06 783.06 521.06
2 898.16 186.22 935.16 219.22
2 118.32 397.59 220.32 490.59
2 177.04 477.3 251.04 544.3
0 146.5 892.47 213.5 954.47
2 502.52 830.11 545.52 870.11
2 522.5 941.45 565.5 981.45
2 349.28 830.91 389.28 867.91
2 626.24 379.98 664.24 414.98
2 938.5 28.95 965.5 53.95
2 474.52 8.16 513.52 44.16
2 463.97 257.21 519.97 308.21
2 419.77 208.51 482.77 266.51
2 378.39 287.26 420.39 326.26
2 101.31 205.81 137.31 239.81
2 142.27 27.41 172.27 54.41
2 20.0 247.6 64.0 288.6
2 744.79 792.51 817.79 858.51
2 452.0 893.82 480.0 919.82
2 242.45 926.67 272.45 953.67
2 5.16 854.35 40.16 887.35
2 928.97 379.06 982.97 429.06
2 890.33 653.62 928.33 693.62
2 660.56 741.09 694.56 767.09
2 313.42 236.13 354.42 272.13
2 460.08 181.56 505.08 229.56
2 414.08 657.44 451.08 689.44
2 293.82 868.77 345.82 924.77
2 148.73 746.26 230.73 820.26
2 811.37 307.1 838.37 329.1
2 77.62 183.5 102.62 211.5
2 58.37 237.42 88.37 260.42
2 723.54 74.96 751.54 95.96
1 332.57 644.43 351.57 662.43
1 257.38 652.18 277.38 672.18
1 161.3 564.41 185.3 589.41
1 112.24 492.72 130.24 511.72
1 126.96 439.08 136.96 449.08
1 194.47 435.38 213.47 454.38
1 294.15 343.4 311.15 359.4
1 242.98 67.2 260.98 85.2
1 213.34 31.34 225.34 43.34
1 131.0 10.18 145.0 23.18
1 645.5 51.57 658.5 64.57
1 622.31 57.61 635.31 70.61
1 683.31 54.07 695.31 66.07
1 981.33 553.57 1001.33 573.57
1 827.34 645.34 839.34 657.34
1 826.28 606.6 840.28 621.6
1 782.25 470.5 800.25 488.5
1 785.0 403.74 803.0 421.74
1 822.39 226.46 836.39 240.46
1 929.11 79.5 944.11 95.5
1 911.0 94.18 925.0 107.18
1 865.22 16.6 880.22 31.6
1 751.1 93.46 766.1 109.46
1 295.5 487.58 316.5 508.58
1 301.5 735.71 318.5 752.71
1 294.52 811.35 309.52 826.35
1 173.2 973.95 188.2 988.95
1 230.31 1003.35 247.31 1019.35
1 487.39 510.05 499.39 522.05
1 480.51 489.33 495.51 504.33
1 533.46 630.34 550.46 647.34
1 569.14 643.43 584.14 659.43
1 563.32 669.74 579.32 686.74
1 551.3 704.4 566.3 718.4
1 522.93 664.55 536.93 678.55
1 463.24 639.74 479.24 656.74
1 449.39 703.39 461.39 715.39
1 347.31 630.07 359.31 642.07
1 306.0 763.5 322.0 779.5
1 633.44 807.58 653.44 827.58
1 672.1 774.36 685.1 787.36
1 702.25 942.62 720.25 961.62
1 766.12 969.69 783.12 986.69
1 870.65 513.52 886.65 529.52
1 896.22 855.62 913.22 872.62
1 391.23 261.33 406.23 276.33
1 409.4 244.12 425.4 260.12
1 402.5 27.4 413.5 38.4
1 578.15 122.49 591.15 136.49
1 932.22 199.62 949.22 216.62
1 586.0 526.21 606.0 546.21
1 625.13 572.37 637.13 585.37
1 637.43 560.08 649.43 572.08
1 676.21 669.47 697.21 689.47
1 726.38 827.21 744.38 845.21
1 736.29 864.49 754.29 882.49
1 259.74 836.6 270.74 847.6
1 94.29 868.58 104.29 879.58
1 41.07 544.46 55.07 558.46
1 216.2 540.32 237.2 561.32
1 935.4 622.17 955.4 642.17
1 997.5 692.35 1014.5 709.35
1 590.96 924.2 604.96 937.2
