0 108.3 456.41 221.3 585.41
0 353.18 29.43 496.18 189.43
0 530.27 162.53 624.27 253.53
0 599.15 169.44 626.15 200.44
0 316.25 557.18 353.25 599.18
0 507.98 423.14 543.98 473.14
0 631.17 448.59 666.17 494.59
0 568.7 532.31 596.7 553.31
0 651.26 680.67 666.26 699.67
0 665.38 689.52 685.38 717.52
0 684.18 742.43 697.18 760.43
0 730.21 723.29 751.21 749.29
0 704.96 940.03 730.96 971.03
0 509.35 909.74 541.35 950.74
0 118.13 841.57 175.13 878.57
0 266.24 895.2 295.24 917.2
0 299.3 187.5 319.3 203.5
0 269.26 155.15 292.26 177.15
0 911.04 33.19 933.04 51.19
0 886.15 31.65 907.15 48.65
0 899.0 151.6 921.0 183.6
0 913.24 91.52 937.24 107.52
0 948.25 158.41 965.25 175.41
0 886.01 500.26 934.01 541.26
0 969.52 550.54 1006.52 588.54
0 765.53 790.36 1002.53 936.36
0 405.01 335.04 519.01 385.04
0 116.63 275.29 144.63 306.29
2 290.35 416.7 316.35 443.7
2 422.31 463.71 444.31 488.71
2 542.75 62.4 567.75 87.4
2 821.27 211.66 856.27 244.66
2 466.22 961.64 503.22 994.64
2 695.51 48.3 783.51 78.3
2 445.14 795.13 540.14 822.13
2 372.88 881.27 422.88 896.27
2 317.3 856.08 329.3 887.08
2 759.29 600.06 798.29 695.06
1 365.02 989.76 383.02 1007.76
1 378.42 313.22 392.42 327.22
1 597.51 317.49 622.51 341.49
1 711.17 239.37 730.17 258.37
1 777.23 153.5 804.23 181.5
1 740.12 387.73 749.12 401.73
