0 298.29 93.58 363.29 158.58
0 297.2 17.37 328.2 44.37
0 277.31 64.28 309.31 89.28
0 225.34 201.46 261.34 244.46
0 108.05 622.42 161.05 668.42
0 120.13 743.63 189.13 824.63
0 44.32 843.51 94.32 895.51
0 82.35 797.53 100.35 817.53
0 374.49 921.63 421.49 966.63
0 21.29 867.63 76.29 924.63
0 35.78 196.45 66.78 218.45
0 373.31 438.44 432.31 484.44
0 292.24 547.98 330.24 574.98
0 498.04 157.11 567.04 207.11
0 687.16 168.22 746.16 209.22
0 506.02 741.25 590.02 812.25
0 359.94 818.99 411.94 871.99
0 307.02 968.87 333.02 1004.87
0 749.2 604.39 800.2 646.39
0 728.19 312.73 757.19 343.73
0 689.38 369.2 725.38 403.2
0 178.03 659.2 210.03 693.2
0 205.73 840.34 275.73 885.34
0 436.46 790.41 467.46 819.41
0 828.52 297.77 863.52 331.77
0 786.08 748.53 819.08 774.53
0 827.01 817.26 861.01 848.26
0 754.47 443.3 789.47 470.3
0 360.69 716.48 404.69 778.48
2 964.0 407.44 1004.0 447.44
2 764.52 787.64 871.52 885.64
2 502.51 756.48 605.51 862.48
2 622.5 534.07 721.5 654.07
2 428.39 410.62 570.39 589.62
1 229.48 71.72 258.48 100.72
1 287.66 307.21 313.66 333.21
1 77.15 176.04 104.15 203.04
1 390.0 176.25 414.0 200.25
1 429.23 277.68 453.23 302.68
1 569.03 130.63 591.03 152.63
1 646.02 35.53 670.02 70.53
1 595.11 251.3 626.11 290.3
1 508.15 510.93 537.15 535.93
1 331.33 612.61 351.33 638.61
1 141.25 293.14 160.25 311.14
1 217.0 907.63 243.0 924.63
1 53.29 724.26 73.29 748.26
1 504.54 623.55 531.54 643.55
1 593.28 511.55 608.28 531.55
1 44.25 574.15 62.25 590.15
1 624.42 906.98 662.42 935.98
1 828.19 933.7 846.19 954.7
1 937.23 685.68 961.23 710.68
1 912.67 582.79 940.67 610.79
1 805.23 225.48 836.23 256.48
1 973.25 135.36 1004.25 166.36
1 761.29 192.51 785.29 217.51
1 712.54 244.24 735.54 264.24
