0 25.26 76.31 56.26 93.31
0 3.23 320.19 99.23 377.19
0 75.36 116.28 95.36 137.28
0 162.15 244.44 187.15 269.44
0 180.07 376.24 237.07 433.24
0 282.29 512.27 336.29 561.27
0 266.67 535.59 318.67 588.59
0 358.18 404.17 439.18 492.17
0 210.15 675.23 335.15 766.23
0 352.38 288.61 406.38 327.61
0 422.56 328.39 449.56 357.39
0 213.01 589.54 247.01 625.54
0 614.43 586.5 668.43 628.5
0 547.91 644.81 574.91 668.81
0 600.49 483.14 654.49 541.14
0 746.49 405.08 837.49 479.08
0 931.25 30.39 971.25 72.39
0 537.33 215.66 573.33 244.66
0 752.14 178.65 778.14 201.65
0 615.59 108.34 676.59 149.34
0 118.53 830.16 149.53 850.16
0 91.5 830.79 123.5 850.79
0 110.82 953.39 127.82 980.39
0 676.38 454.49 718.38 484.49
2 6.52 278.38 45.52 292.38
2 150.5 154.39 193.5 168.39
2 113.32 126.26 169.32 183.26
2 411.31 775.47 463.31 827.47
2 663.75 86.53 814.75 237.53
2 858.36 200.22 972.36 313.22
2 818.32 855.75 920.32 957.75
1 337.84 827.54 360.84 859.54
1 866.3 574.42 900.3 600.42
1 728.65 458.79 760.65 490.79
1 750.17 289.52 775.17 309.52
1 573.94 282.03 597.94 305.03
1 507.98 862.51 523.98 887.51
1 330.25 699.39 359.25 718.39
1 210.11 680.55 231.11 702.55
1 123.68 882.61 149.68 908.61
1 47.13 520.58 70.13 542.58
1 21.31 483.7 41.31 504.7
1 293.95 395.58 313.95 415.58
1 462.14 572.59 483.14 594.59
1 835.35 177.52 851.35 193.52
1 284.01 238.21 304.01 258.21
