0 581.25 769.05 652.25 883.05
0 102.4 292.52 172.4 358.52
0 23.23 568.42 106.23 662.42
0 338.19 388.27 479.19 521.27
0 393.76 1001.28 469.76 1026.28
0 732.96 338.8 762.96 374.8
2 988.41 24.29 1010.41 120.29
2 664.18 226.03 761.18 250.03
2 592.13 312.05 645.13 332.05
2 685.39 389.16 725.39 427.16
2 511.23 689.65 547.23 725.65
2 326.0 665.57 390.0 729.57
2 788.39 495.48 822.39 530.48
2 415.95 629.23 484.95 656.23
2 220.0 657.57 296.0 686.57
2 795.18 856.02 830.18 891.02
2 118.2 8.39 151.2 203.38
2 163.32 324.23 199.32 599.23
2 20.96 808.34 130.96 918.34
1 353.59 737.22 375.59 759.22
1 531.28 289.35 554.28 312.35
1 485.11 322.46 512.11 348.46
1 585.35 422.76 601.35 438.76
1 925.19 367.33 960.19 402.33
1 953.09 154.58 979.09 180.58
1 886.47 119.66 912.47 147.66
1 870.45 107.46 889.45 130.46
1 896.94 486.67 914.94 505.67
1 841.75 447.21 856.75 465.21
1 839.23 790.39 862.23 811.39
1 829.85 643.37 840.85 655.37
1 1001.05 268.54 1019.05 286.54
1 906.85 166.74 927.85 189.74
1 480.25 823.17 501.25 841.17
1 443.27 880.5 463.27 901.5
1 796.4 678.32 814.4 695.32
1 302.27 786.13 319.27 802.13
1 209.48 919.33 225.48 934.33
1 154.41 982.16 172.41 1002.16
1 8.58 962.74 23.58 978.74
1 3.81 543.36 18.81 559.36
1 244.47 786.69 259.47 801.69
1 276.5 392.33 287.5 405.33
1 541.75 871.21 556.75 889.21
1 88.66 587.4 108.66 603.4
1 473.02 564.71 495.02 587.71
1 738.14 642.17 759.14 662.17
1 99.44 171.14 127.44 185.14
1 34.17 748.73 59.17 771.73
1 793.27 85.65 809.27 102.65
