0 203.42 39.48 290.42 118.48
0 433.12 256.16 571.12 353.16
0 614.24 419.04 702.24 530.04
0 753.16 149.58 820.16 251.58
0 595.91 1004.08 686.91 1142.08
0 409.33 1224.27 622.33 1384.27
0 355.14 1731.28 511.14 1850.28
0 541.2 1900.05 668.2 2043.05
0 463.53 1660.27 540.53 1741.27
0 727.21 1653.21 794.21 1754.21
0 903.11 1748.44 1013.11 1833.44
0 690.2 1324.08 828.2 1425.08
0 944.62 380.36 1011.62 431.36
0 901.06 642.43 957.06 723.43
0 826.52 1567.57 926.52 1650.57
0 870.63 1132.48 958.63 1202.48
0 1087.38 1901.2 1153.38 2002.2
0 1212.31 713.38 1273.31 805.38
0 1540.45 319.68 1594.45 390.68
2 169.33 759.29 265.33 857.29
2 545.05 10.28 655.05 115.28
2 538.29 731.22 741.29 928.22
2 420.12 986.49 587.12 1156.49
2 374.07 1341.51 584.07 1545.51
2 252.64 1690.12 362.64 1803.12
2 622.38 1126.58 761.38 1270.58
2 809.5 1895.37 889.5 1977.37
2 868.2 162.24 950.2 245.24
2 1030.57 201.08 1127.57 298.08
2 670.55 129.33 780.55 238.33
2 1079.4 1084.5 1201.4 1208.5
2 1283.98 1638.58 1412.98 1762.58
2 1283.67 19.37 1376.67 115.37
2 1662.37 1354.21 1769.37 1462.21
2 1763.17 308.17 1852.17 402.17
2 1934.19 117.44 1987.19 170.44
2 102.52 411.05 240.52 535.05
2 571.36 398.66 653.36 461.66
2 575.0 1569.41 662.0 1694.41
2 725.36 1388.7 805.36 1498.7
2 348.05 771.12 451.05 845.12
2 1658.42 76.59 1724.42 119.59
2 1402.18 619.14 1457.18 676.14
2 1614.43 432.48 1673.43 504.48
2 1580.24 511.36 1634.24 560.36
2 930.19 1375.38 989.19 1435.38
2 1703.23 874.16 1771.23 929.16
2 1877.54 1464.35 1921.54 1508.35
2 421.37 626.24 521.37 782.24
2 1074.47 730.48 1169.47 855.48
2 1869.27 38.47 1911.27 90.47
1 143.38 250.12 196.38 304.12
1 261.62 287.08 347.62 368.08
1 522.46 559.24 576.46 610.24
1 369.39 1646.03 420.39 1700.03
1 646.18 1545.36 725.18 1629.36
1 766.49 1169.32 831.49 1237.32
1 711.37 481.46 773.37 541.46
1 746.0 279.13 800.0 327.13
1 628.01 116.45 670.01 156.45
1 513.92 44.46 569.92 99.46
1 890.46 433.49 952.46 491.49
1 989.22 464.35 1037.22 509.35
1 994.99 550.78 1058.99 609.78
1 1012.34 633.68 1060.34 676.68
1 919.28 799.42 997.28 878.42
1 976.21 1016.18 1047.21 1090.18
1 952.37 1232.51 1025.37 1302.51
1 1030.28 1403.42 1103.28 1477.42
1 1078.1 1474.22 1141.1 1535.22
1 1070.14 1582.64 1146.14 1659.64
1 1155.87 1977.42 1243.87 2050.43
1 1220.2 1938.59 1293.2 2004.59
1 1166.36 1548.1 1218.36 1599.1
1 1234.27 1517.24 1297.27 1581.24
1 1246.89 1346.58 1336.89 1448.58
1 1333.4 1378.39 1403.4 1444.39
1 1196.54 1100.66 1258.54 1158.66
1 1277.36 1161.6 1361.36 1238.6
1 1138.28 914.3 1179.28 953.3
1 1195.35 921.42 1232.35 955.42
1 1081.78 431.52 1143.78 496.52
1 975.36 179.51 1057.36 258.51
1 1142.29 365.35 1184.29 406.35
1 1207.18 265.4 1263.18 319.4
1 1206.08 120.3 1252.08 161.3
1 1291.99 184.32 1349.99 241.32
1 1361.3 6.25 1424.3 67.25
1 1276.27 524.38 1341.27 593.38
1 1352.23 701.82 1421.23 767.82
1 1472.46 571.49 1567.46 662.49
1 1481.34 813.57 1543.34 876.57
1 1261.26 890.53 1322.26 952.53
1 1306.52 1020.52 1344.52 1061.52
1 1441.25 983.11 1525.25 1068.11
1 1389.48 1177.37 1454.48 1241.37
1 1540.16 1227.12 1576.16 1262.12
1 1455.48 1424.42 1541.48 1511.42
1 1398.31 1568.37 1476.31 1649.37
1 1371.9 1835.28 1459.9 1924.28
1 1559.2 1945.95 1609.2 1990.95
1 1476.26 1738.21 1545.26 1810.21
1 1533.35 1666.72 1601.35 1734.72
1 1603.97 1728.1 1689.97 1817.1
1 1597.51 1206.19 1641.51 1252.19
1 1654.51 1202.59 1740.51 1292.59
1 1617.1 1068.35 1692.1 1148.35
1 1704.32 978.41 1773.32 1045.41
1 1692.26 749.04 1730.26 791.04
1 1697.44 649.47 1783.44 737.47
1 1785.26 610.56 1845.26 672.56
1 1866.98 558.53 1934.98 626.53
1 1842.14 390.29 1914.14 467.29
1 1920.95 229.23 1975.95 285.23
1 1954.47 416.42 1991.47 456.42
1 1956.19 615.73 2023.19 685.73
1 1985.71 737.58 2048.71 802.58
1 1863.41 838.61 1926.41 903.61
1 1788.13 1141.81 1821.13 1175.81
1 1832.49 1167.42 1865.49 1202.42
1 1775.2 1307.46 1834.2 1368.46
1 1846.52 1257.38 1900.52 1314.38
1 1729.55 1573.97 1821.55 1658.97
1 1938.31 1550.15 1992.31 1603.15
1 1908.27 1368.39 1952.27 1411.39
1 1790.38 1852.17 1834.38 1898.17
1 1905.12 1744.07 2004.12 1847.07
1 1730.02 1817.98 1775.02 1864.98
1 1885.49 1907.11 1959.49 1981.11
1 2011.9 1923.21 2049.9 1970.21
