0 1284.12 1032.03 1422.12 1114.03
0 1479.97 483.47 1562.97 652.47
0 1580.38 727.47 1704.38 815.47
0 1181.06 867.36 1271.06 917.36
0 1364.5 902.17 1479.5 1002.17
0 1269.5 1420.08 1323.5 1519.08
0 1507.14 1501.79 1606.14 1675.79
0 1578.21 1452.59 1685.21 1630.59
0 1543.38 1299.57 1643.38 1403.57
0 1636.15 1721.17 1774.15 1931.17
0 1195.24 185.74 1269.24 310.74
0 1069.51 390.05 1125.51 461.05
0 1364.14 283.07 1452.14 418.07
0 1364.14 283.07 1452.14 418.07
0 778.58 30.1 825.58 123.1
2 352.22 232.38 416.22 297.38
2 400.12 518.3 469.12 587.3
2 262.32 489.37 316.32 542.37
2 309.85 801.45 378.85 870.45
2 671.34 709.64 764.34 802.64
2 535.04 27.54 625.04 116.54
2 451.44 247.82 537.44 333.82
2 1082.37 127.38 1152.37 197.38
2 1098.05 1052.72 1207.05 1160.72
2 1032.36 988.61 1098.36 1053.61
2 1221.19 1194.31 1347.19 1319.31
2 851.07 1811.28 955.07 1914.28
2 642.21 1605.17 735.21 1698.17
2 670.19 875.4 744.19 949.4
2 136.11 992.26 225.11 1080.26
2 588.97 1973.32 662.97 2046.32
2 381.46 1580.48 457.46 1655.48
2 1100.79 567.27 1179.79 645.27
2 1327.37 1221.18 1498.37 1393.18
2 811.02 1648.38 888.02 1725.38
2 1016.28 1237.18 1123.28 1270.18
2 1425.49 590.37 1470.49 842.37
2 1540.06 214.24 1558.06 334.24
2 1405.33 26.22 1512.33 38.22
2 715.59 630.64 750.59 704.64
2 563.12 253.31 643.12 325.31
2 481.57 495.48 528.57 548.48
2 536.06 1276.42 618.06 1356.42
2 608.53 1254.14 646.53 1296.14
2 972.54 1600.23 1035.54 1660.23
2 790.85 280.23 843.85 329.23
2 483.35 712.55 554.35 735.55
2 906.21 662.52 970.21 678.52
2 162.53 468.57 223.53 483.57
2 187.07 107.43 217.07 220.43
2 1322.41 495.2 1417.41 518.2
2 1138.62 245.18 1221.62 266.18
2 1259.55 422.64 1293.55 517.64
2 1413.21 1852.12 1449.21 1987.12
2 1530.0 1808.12 1675.0 1844.12
2 1551.46 1958.87 1577.46 2050.87
2 1100.24 1502.99 1125.24 1594.99
2 975.17 1968.56 996.17 2042.56
2 1249.15 1841.18 1350.15 1869.18
2 1824.44 1542.51 1870.44 1555.51
2 1744.12 1102.27 1758.12 1151.27
2 -0.11 1031.19 39.89 1075.19
1 45.36 1165.28 86.36 1204.28
1 45.26 1332.18 80.26 1365.18
1 137.11 1462.31 169.11 1495.31
1 259.94 1149.83 281.94 1170.83
1 220.35 1190.34 260.35 1228.34
1 220.38 867.29 257.38 902.29
1 137.62 871.48 168.62 901.48
1 127.48 645.46 166.48 683.46
1 278.37 618.71 297.37 636.71
1 229.5 590.33 263.5 622.33
1 332.42 671.38 362.42 700.38
1 143.19 410.23 169.19 435.23
1 91.24 487.29 126.24 520.29
1 19.27 513.3 57.27 549.3
1 271.71 345.42 297.71 371.42
1 400.46 120.37 447.46 164.37
1 546.45 522.94 595.45 569.94
1 523.25 848.58 551.25 875.58
1 409.8 843.1 471.8 902.1
1 348.35 961.29 380.35 992.29
1 491.36 941.39 543.36 993.39
1 458.0 1134.16 494.0 1171.16
1 359.51 1388.77 387.51 1415.77
1 329.51 1485.17 371.51 1527.17
1 431.09 1433.24 481.09 1481.24
1 483.48 1540.26 514.48 1570.26
1 584.45 1567.82 609.45 1591.82
1 619.3 1152.6 651.3 1183.6
1 692.36 1006.65 731.36 1044.65
1 635.49 986.7 662.49 1012.7
1 738.4 1050.19 798.4 1108.19
1 697.45 1161.31 747.45 1208.31
1 888.37 911.32 945.37 965.32
1 677.01 487.34 725.01 535.34
1 645.25 393.79 677.25 423.79
1 719.1 216.33 744.1 240.33
1 770.36 217.3 809.36 254.3
1 918.28 121.5 964.28 166.5
1 930.15 221.19 946.15 238.19
1 887.02 342.4 916.02 371.4
1 945.25 377.05 974.25 404.05
1 961.19 46.98 1007.19 90.98
1 978.53 734.18 1026.53 781.18
1 1108.16 455.22 1154.16 500.22
1 1159.6 434.29 1203.6 478.29
1 1020.33 477.56 1064.33 520.56
1 1110.31 731.27 1164.31 784.27
1 980.61 917.36 1030.61 968.36
1 986.5 825.66 1018.5 858.66
1 1085.32 811.23 1131.32 857.23
1 1099.94 869.43 1143.94 912.43
1 1183.2 733.43 1235.2 785.43
1 844.39 1226.57 879.39 1259.57
1 696.26 1267.34 721.26 1292.34
1 248.01 1826.73 303.01 1883.73
1 171.13 1633.66 196.13 1657.66
1 119.3 1590.29 165.3 1636.29
1 124.09 1696.32 191.09 1763.32
1 3.2 1559.12 76.2 1634.12
1 22.5 1925.27 75.5 1981.27
1 299.03 1944.18 359.03 2002.18
1 486.34 1914.62 545.34 1970.62
1 499.47 1753.66 547.47 1800.66
1 623.91 1766.38 664.91 1806.38
1 748.19 1458.58 825.19 1535.58
1 832.59 1283.06 921.59 1368.06
1 979.09 1347.52 1026.09 1392.52
1 995.34 1458.23 1031.34 1493.23
1 1075.22 1360.61 1141.22 1425.61
1 1178.17 1651.31 1237.17 1710.31
1 1048.22 1701.4 1131.22 1782.4
1 987.08 1930.7 1024.08 1966.7
1 1126.15 1842.0 1243.15 1954.0
1 1177.28 562.17 1204.28 589.17
1 -1.67 336.34 29.33 380.34
1 -0.53 185.74 6.47 203.74
1 -1.46 659.3 25.54 694.3
1 -1.26 1645.3 12.74 1702.3
