0 213.02 764.11 289.02 856.11
0 142.51 680.06 235.51 760.06
0 82.53 896.08 141.53 944.08
0 459.01 372.14 527.01 426.14
0 562.98 282.16 638.98 342.16
0 675.46 326.58 720.46 361.58
0 197.74 -2.46 261.74 57.54
0 213.51 243.56 360.51 434.56
2 531.5 514.63 590.5 573.63
2 596.01 203.13 654.01 261.13
2 291.51 374.66 324.51 407.66
2 477.04 20.18 551.04 102.18
2 142.54 451.21 183.54 497.21
1 128.49 156.19 165.49 194.19
1 309.5 188.6 350.5 227.6
1 555.03 49.19 587.03 83.19
1 446.0 37.71 478.0 70.71
1 359.99 63.75 381.99 86.75
1 12.97 302.22 38.97 326.22
1 440.5 435.69 463.5 460.69
1 380.5 348.27 407.5 376.27
1 494.5 314.27 521.5 342.27
1 764.96 21.71 788.96 44.71
1 856.01 249.69 886.01 278.69
1 42.48 779.7 69.48 806.7
1 52.97 736.73 78.97 763.73
1 2.5 426.14 21.5 446.14
1 187.5 92.25 212.5 118.25
1 308.49 545.67 325.49 562.67
1 566.48 607.73 584.48 627.73
1 760.48 519.19 780.48 538.19
1 380.47 779.71 400.47 800.71
