0 131.02 137.71 157.02 180.71
0 248.02 37.06 308.02 61.06
0 87.41 192.56 130.41 211.56
0 60.04 506.07 106.04 556.07
0 77.05 577.76 101.05 622.76
0 220.53 407.72 251.53 448.72
0 579.51 793.57 702.51 968.57
0 184.46 793.12 267.46 857.12
0 435.03 99.53 593.03 212.53
0 362.01 230.09 494.01 330.09
0 739.55 451.56 890.55 558.56
0 636.05 641.06 730.05 707.06
0 539.5 380.13 622.5 478.13
0 435.03 366.15 513.03 456.15
0 477.0 889.67 531.0 966.67
0 475.01 794.1 515.01 850.1
0 872.98 2.6 928.98 53.6
2 237.97 589.14 297.97 659.14
2 426.47 575.14 461.47 605.14
2 682.65 984.65 716.65 1025.65
2 243.0 98.15 307.0 162.15
2 337.99 60.08 415.99 138.08
2 339.49 191.67 374.49 226.67
2 705.51 758.54 816.51 869.54
2 573.05 349.56 657.05 433.56
1 151.48 466.69 188.48 503.69
1 125.0 441.16 163.0 479.16
1 111.51 387.73 142.51 418.73
1 73.49 486.71 98.49 511.71
1 695.49 362.66 728.49 395.66
1 951.0 160.19 979.0 188.19
1 404.0 733.12 440.0 769.12
1 536.0 666.27 568.0 698.27
1 520.51 845.61 561.51 886.61
1 366.01 931.21 388.01 953.21
1 133.51 955.73 168.51 990.73
1 30.02 841.15 48.02 859.15
1 12.5 565.77 29.5 582.77
1 577.5 254.73 604.5 281.73
1 980.0 776.26 1006.0 802.26
1 490.03 65.56 536.03 111.56
1 455.0 672.68 487.0 704.68
1 120.0 562.25 147.0 590.25
1 959.0 452.26 982.0 475.26
1 44.0 353.26 67.0 376.26
1 794.5 140.74 816.5 162.74
1 577.53 61.6 595.53 79.6
1 872.5 706.06 921.5 755.06
