0 358.21 83.93 447.21 142.93
0 256.96 307.45 330.96 355.45
0 200.26 340.9 274.26 393.9
0 87.97 545.32 147.97 636.32
0 368.19 383.19 581.19 522.19
0 545.52 187.29 621.52 238.29
0 392.37 329.55 414.37 361.55
0 279.0 624.22 297.0 652.22
0 142.97 807.29 181.97 842.29
0 159.13 899.7 194.13 940.7
0 269.1 946.35 292.1 963.35
0 485.42 792.66 513.42 815.66
0 542.25 716.71 568.25 751.71
0 672.96 543.13 710.96 597.13
0 637.4 533.55 653.4 557.55
0 734.04 193.44 822.04 321.44
0 717.31 318.11 801.31 442.11
0 864.64 285.18 992.64 480.18
0 763.6 477.39 797.6 528.39
0 740.0 612.3 836.0 654.3
0 803.3 580.18 915.3 721.18
0 890.0 100.81 931.0 125.81
0 846.52 40.33 872.52 69.33
0 753.66 706.56 791.66 740.56
0 956.21 683.47 993.21 727.47
0 679.48 813.45 708.48 840.45
0 692.97 853.58 718.97 881.58
0 834.64 821.84 859.64 847.84
0 526.19 881.55 543.19 897.55
0 771.49 934.33 792.49 951.33
0 573.26 956.54 589.26 970.54
2 335.43 511.13 375.43 556.13
2 756.22 80.27 793.22 117.27
2 869.4 764.4 949.4 826.4
2 765.35 853.44 805.35 893.44
1 91.75 910.79 122.75 941.79
1 628.0 269.45 644.0 285.45
1 741.14 65.36 760.14 84.36
1 346.19 64.1 363.19 87.1
1 48.31 849.22 74.31 883.22
1 163.07 679.21 189.07 701.21
1 145.09 603.62 168.09 620.62
1 887.02 238.55 901.02 260.55
