0 234.03 234.61 304.03 329.61
0 270.98 752.55 446.98 877.55
0 53.99 794.52 221.99 909.52
0 188.0 878.64 262.0 977.64
0 7.99 969.6 69.99 1012.6
0 88.5 374.18 119.5 418.18
0 94.98 196.11 170.98 250.11
0 357.98 83.57 437.98 144.57
0 552.56 29.14 611.56 81.14
0 607.53 65.07 698.53 127.07
0 775.48 12.12 836.48 100.12
0 884.5 207.09 979.5 279.09
0 981.5 504.09 1026.49 587.09
0 464.5 311.62 535.5 412.62
0 347.01 512.05 447.01 584.05
0 884.49 879.64 919.49 930.64
0 888.94 315.12 932.94 357.12
0 0.01 21.58 90.0 98.58
0 266.3 -3.25 383.3 48.75
2 733.43 176.62 794.43 235.62
2 7.97 435.52 57.97 486.52
2 399.53 910.57 488.53 995.57
2 720.5 579.19 747.5 605.19
2 178.8 594.43 348.8 743.43
2 141.11 628.91 186.11 658.91
2 436.98 387.84 502.98 462.84
2 61.57 209.67 96.57 248.67
1 915.51 643.1 970.51 695.1
1 275.51 465.18 312.51 501.18
1 245.52 442.74 274.52 471.74
1 156.48 339.73 183.48 366.73
1 179.99 333.69 201.99 354.69
1 21.47 558.73 48.47 585.73
1 905.51 89.06 948.51 129.06
1 493.53 567.55 540.53 616.55
1 819.55 685.7 848.55 712.7
1 847.48 606.23 870.48 628.23
1 986.47 719.22 1007.47 739.22
1 971.02 760.06 1015.02 802.06
1 549.51 717.54 596.51 762.54
1 589.51 767.06 632.51 807.06
1 311.0 924.21 347.0 958.21
1 717.01 55.17 755.01 91.17
1 702.01 2.62 742.01 41.62
1 774.51 382.62 821.51 429.62
