0 170.99 256.06 328.99 462.06
0 259.47 627.07 354.47 753.07
0 163.49 672.11 250.49 738.11
0 180.5 842.07 307.5 940.07
0 414.52 612.62 495.52 677.62
0 291.48 481.11 356.48 537.11
0 220.98 567.1 262.98 601.1
0 91.52 557.58 188.52 628.58
0 122.01 433.12 198.01 495.12
0 -5.89 347.34 88.11 455.34
0 425.49 191.56 554.49 292.56
2 563.52 80.57 674.52 147.57
2 579.36 -1.96 639.36 81.04
2 347.0 766.59 407.0 807.59
2 14.01 3.67 48.01 60.67
2 728.0 133.07 818.0 223.07
2 725.49 740.67 782.49 797.67
2 116.95 95.56 208.95 164.56
2 123.02 315.74 159.02 356.74
2 380.42 310.59 455.42 387.59
2 759.3 277.11 794.3 303.11
2 654.06 808.78 680.06 839.78
2 414.89 497.19 440.89 519.18
2 397.5 719.68 432.5 750.68
2 439.49 113.18 460.49 133.18
2 404.52 90.73 431.52 117.73
1 599.02 518.62 637.02 557.62
1 555.52 418.11 594.52 454.11
1 597.49 466.73 626.49 493.73
1 431.49 425.71 452.49 448.71
1 345.99 465.64 363.99 484.64
1 344.48 499.65 381.48 536.65
1 16.47 807.15 53.47 837.15
1 170.0 226.68 186.0 241.68
1 561.51 28.67 596.51 65.67
1 891.49 483.69 914.49 504.69
1 828.49 624.72 851.49 647.72
1 511.99 801.24 535.99 827.24
1 673.51 528.25 702.51 556.25
1 696.0 822.2 724.0 852.2
1 959.49 765.73 984.49 792.73
1 904.56 747.6 947.56 790.6
1 301.54 854.68 324.54 875.68
1 231.49 817.73 256.49 844.73
1 265.01 765.22 289.01 787.22
1 71.51 159.72 92.51 182.72
1 142.04 -0.58 160.04 14.42
1 991.5 541.65 1006.5 558.65
1 260.47 423.17 281.47 443.17
1 183.51 407.69 206.51 428.69
