0 49.14 302.4 100.14 344.4
0 279.0 313.46 341.0 365.46
0 393.21 311.34 484.21 391.34
0 659.0 255.45 745.0 355.45
0 722.88 593.4 771.88 700.4
0 420.48 556.62 475.48 659.62
0 369.01 488.21 460.01 537.21
0 556.07 276.94 685.07 357.94
0 98.16 638.48 123.16 672.48
0 201.24 356.41 229.24 374.41
0 406.22 102.66 443.22 125.66
0 577.22 102.44 600.22 139.44
0 540.06 213.31 553.06 232.31
0 422.48 220.53 436.48 234.53
0 315.52 437.24 336.52 471.24
0 917.1 970.11 980.1 1014.11
0 632.24 576.62 658.24 602.62
0 585.17 713.49 604.17 737.49
0 601.1 911.42 624.1 930.42
0 778.37 416.5 800.37 434.5
0 382.41 983.55 404.41 1011.55
0 8.66 776.12 76.66 816.12
2 124.87 380.35 153.87 409.35
2 983.97 815.44 1019.97 851.44
2 783.45 111.4 828.45 162.4
2 280.16 583.32 302.16 606.32
2 707.36 547.47 732.36 575.47
2 911.2 821.54 963.2 882.54
2 135.93 305.24 162.93 331.24
1 294.22 124.33 311.22 141.33
1 924.84 87.68 945.84 108.68
1 832.51 532.43 851.51 550.43
1 782.4 321.22 804.4 343.22
1 207.28 13.99 222.28 28.99
1 323.47 384.98 336.47 397.98
1 854.31 855.15 875.31 877.15
