0 89.98 29.94 135.98 77.94
0 -0.02 3.28 39.98 49.28
0 64.01 386.01 99.01 429.01
0 292.06 324.4 313.06 354.4
0 340.98 407.95 360.98 432.95
0 151.94 55.38 175.94 96.38
0 180.22 405.12 203.22 424.12
0 178.7 747.02 202.7 767.02
0 738.01 890.34 762.01 923.34
0 836.72 792.07 862.72 820.07
0 136.63 464.02 164.63 487.02
0 358.81 659.12 381.81 683.12
0 920.01 348.32 937.01 372.32
0 43.01 489.26 68.01 514.26
0 484.17 347.11 502.17 366.11
0 244.76 189.15 270.76 221.15
0 427.19 83.2 451.19 109.2
2 10.75 156.41 23.75 218.41
2 134.01 147.23 141.01 187.23
2 131.59 240.13 142.59 277.13
2 52.99 278.25 66.0 332.25
2 80.9 306.09 92.9 354.09
2 211.02 118.3 221.02 160.3
2 975.52 184.16 1014.52 222.16
2 768.01 96.12 815.01 143.12
2 712.12 354.13 758.12 400.13
2 874.0 -1.28 909.0 23.72
2 999.84 457.71 1025.84 505.71
2 223.05 471.25 255.05 503.25
2 147.88 213.0 187.88 253.0
2 27.82 99.96 74.82 146.96
2 15.07 746.3 63.07 794.3
2 267.87 509.0 313.87 555.0
2 132.15 679.34 166.15 713.34
2 561.11 495.3 596.11 530.3
2 577.14 658.2 620.14 701.2
2 835.18 708.29 879.18 752.29
2 872.11 688.31 910.11 726.31
2 687.53 429.28 704.53 456.28
2 748.94 417.25 773.94 431.25
2 888.07 558.33 904.07 586.33
2 338.06 371.71 349.06 396.71
2 434.92 327.27 444.92 349.27
2 86.89 896.61 115.89 926.61
2 482.0 1000.79 522.0 1025.8
2 732.92 771.05 761.92 784.05
2 599.02 917.23 611.02 943.23
2 364.02 936.23 376.02 963.23
2 182.99 890.29 194.99 916.29
1 141.82 747.09 159.82 765.09
1 312.93 972.99 330.93 990.99
1 283.75 823.95 302.75 842.95
1 232.23 932.33 250.23 950.33
1 113.52 682.24 132.52 700.24
1 150.0 638.0 167.0 655.0
1 484.62 839.78 503.62 858.78
1 435.72 962.92 451.72 978.92
1 473.03 722.22 490.03 739.22
1 811.6 562.81 827.6 578.81
1 909.0 651.0 925.0 667.0
1 896.13 748.25 915.13 767.25
1 742.05 972.29 766.05 996.29
1 936.0 971.14 948.0 983.14
1 833.97 890.14 851.97 908.14
1 710.89 715.94 727.89 732.94
1 655.59 614.69 671.59 630.69
1 557.91 657.17 570.91 670.17
1 39.02 438.25 59.02 458.25
1 98.9 458.98 112.9 472.98
1 186.0 597.0 202.0 613.0
1 381.67 195.92 397.67 211.92
1 382.0 67.1 398.0 83.1
1 456.72 185.09 482.72 211.09
1 622.19 253.29 639.19 270.29
1 630.16 161.32 646.16 177.32
1 583.1 94.19 601.1 112.19
1 525.8 438.05 548.8 461.05
1 429.81 540.04 448.81 559.04
1 441.71 648.9 457.71 664.9
1 514.9 18.08 533.9 37.08
1 655.06 10.18 671.06 26.18
1 602.16 8.33 621.16 27.33
1 660.18 284.32 680.18 304.32
1 739.0 255.0 757.0 273.0
1 766.7 219.31 785.7 237.31
1 795.16 196.4 816.16 217.4
1 684.89 111.05 702.89 129.05
1 977.16 135.33 996.16 154.33
1 891.0 177.22 914.0 200.22
1 870.13 86.38 903.13 119.38
