0 627.87 293.49 668.87 358.49
0 572.99 414.84 600.99 455.84
0 676.21 390.46 707.21 437.46
0 869.35 159.73 907.35 224.73
0 764.26 76.31 796.26 110.31
0 894.98 94.73 935.98 157.73
0 756.99 714.54 809.99 763.54
0 669.45 909.63 711.45 944.63
0 930.94 899.51 996.94 992.51
0 920.51 790.15 1021.51 901.15
0 942.0 662.17 978.0 693.17
0 991.36 682.67 1026.36 737.67
0 93.18 56.42 120.18 97.42
0 458.17 199.35 487.17 246.35
0 924.51 608.56 975.51 640.56
0 907.97 762.58 954.97 797.58
0 897.99 654.27 939.99 685.27
0 672.48 49.72 707.48 99.72
1 118.63 480.79 138.63 500.79
1 177.99 386.23 207.99 416.23
1 250.29 395.39 283.29 428.39
1 239.09 243.39 270.09 274.39
1 310.32 182.54 328.32 200.54
1 238.19 102.52 257.19 122.52
1 73.35 180.22 105.35 203.22
1 354.2 398.35 373.2 413.35
1 379.21 342.41 408.21 371.41
1 144.21 272.19 179.21 306.19
1 13.33 277.62 49.33 312.62
1 200.01 50.22 228.01 78.22
1 383.41 424.31 407.41 447.31
1 455.54 -0.18 483.54 24.82
1 280.38 205.34 306.38 226.34
1 450.31 292.55 484.31 322.55
1 536.98 318.6 564.98 342.6
1 550.36 353.6 576.36 379.6
1 653.2 503.17 674.2 523.17
1 606.18 399.66 627.18 420.66
1 499.57 452.57 530.57 484.57
1 816.11 483.24 839.11 507.24
1 842.63 274.53 864.63 296.53
1 784.37 39.62 816.37 71.62
1 117.24 306.66 137.24 327.66
1 169.13 485.32 188.13 504.32
1 257.29 105.69 279.29 128.69
1 292.37 341.55 312.37 361.55
1 679.31 10.16 701.31 32.16
1 739.34 334.68 763.34 357.68
1 791.43 425.54 807.43 441.54
1 101.55 128.37 130.55 157.37
1 278.34 463.18 306.34 491.18
1 39.97 296.62 65.97 322.62
1 103.15 730.4 128.15 755.4
1 161.6 711.16 181.6 731.16
1 381.08 554.58 407.08 580.58
1 437.17 861.38 464.17 888.38
1 352.99 912.21 376.99 936.21
1 269.6 998.98 297.6 1024.98
1 64.39 974.4 86.39 997.4
1 189.31 888.51 213.31 912.51
1 161.15 684.24 178.15 702.24
1 164.0 539.78 186.0 561.78
1 454.76 653.39 475.76 674.39
1 494.0 708.44 524.0 739.44
1 508.36 947.23 532.36 971.23
1 543.53 949.38 558.53 964.38
1 657.63 862.54 679.63 884.54
1 841.27 797.33 877.27 834.33
1 790.46 533.25 820.46 563.25
1 546.24 623.72 569.24 646.72
1 302.5 968.74 331.5 997.74
1 462.97 993.43 484.97 1016.43
1 837.0 936.52 859.0 958.52
1 806.4 819.22 828.4 841.22
1 568.3 747.53 602.3 781.53
1 115.2 890.48 141.2 916.48
1 120.15 959.74 147.15 986.74
1 -0.95 542.45 19.05 566.45
1 74.18 461.45 112.18 499.45
1 742.95 385.43 776.95 419.43
1 848.02 578.18 878.02 621.18
1 387.16 662.67 425.16 701.67
1 643.94 59.39 656.94 79.39
1 694.23 145.22 718.23 168.22
1 784.07 382.67 814.07 411.67
1 586.54 688.36 605.54 706.36
1 601.95 679.12 629.95 693.12
