0 654.51 41.63 712.51 77.63
0 548.87 336.22 589.87 369.22
0 495.74 346.69 539.74 392.69
0 676.45 143.2 704.45 170.2
0 654.69 164.04 677.69 198.04
0 678.09 97.75 706.09 125.75
0 838.5 134.8 862.5 156.8
0 553.33 436.73 586.33 457.73
0 600.89 284.15 636.89 324.15
0 627.95 130.73 653.95 152.73
0 694.4 358.73 724.4 385.73
0 626.73 450.18 651.73 472.18
0 925.98 61.31 945.98 83.31
0 1002.88 297.25 1014.88 318.25
0 609.02 413.25 628.02 427.25
0 619.6 223.77 644.6 246.77
0 139.85 949.04 187.85 990.04
0 99.53 875.69 142.53 930.69
0 207.36 837.85 243.36 875.85
0 215.01 785.15 238.01 819.15
0 295.07 630.07 328.07 656.07
0 404.06 656.93 423.06 672.93
0 501.15 711.5 527.15 734.5
0 465.69 699.82 481.69 720.82
0 390.0 878.77 410.0 905.77
0 384.8 556.04 411.8 575.04
0 506.73 517.95 535.73 549.95
0 248.8 786.58 279.8 820.58
0 719.6 755.13 742.6 772.13
0 746.92 647.3 764.92 662.3
0 821.09 536.28 839.09 550.28
0 619.74 558.26 642.74 578.26
0 423.71 439.63 464.71 485.63
0 429.14 504.34 461.14 545.34
0 350.74 482.1 387.74 524.1
0 750.22 414.46 767.22 431.46
0 751.21 496.23 771.21 519.23
0 805.14 81.85 828.14 99.85
0 989.3 32.75 1007.3 56.75
0 333.59 744.62 356.59 766.62
0 392.2 760.63 415.2 784.63
0 491.86 808.13 508.86 822.13
0 644.07 810.06 660.07 825.06
0 844.9 546.97 859.9 558.97
0 907.06 596.17 925.06 613.17
0 932.79 227.78 945.79 243.78
0 958.96 304.06 973.96 319.06
0 893.37 108.09 911.37 121.09
0 603.81 804.96 624.81 820.96
0 571.63 761.61 586.63 781.61
2 287.06 813.64 313.06 825.64
2 243.49 965.19 254.49 989.19
2 564.04 591.06 590.04 602.06
2 566.0 517.22 589.0 526.22
2 830.0 728.81 846.0 735.81
2 805.0 636.06 822.0 643.06
2 762.04 560.15 780.04 567.15
2 852.52 1000.61 862.52 1022.61
2 1006.35 881.0 1024.35 889.0
2 817.97 819.04 834.97 826.04
2 679.53 940.07 687.53 953.07
2 504.0 883.74 525.0 894.74
2 337.89 546.21 347.89 570.21
2 303.15 554.51 315.15 579.51
2 244.22 625.12 272.22 637.12
2 193.59 778.23 203.59 814.23
2 408.54 385.46 418.54 420.46
2 508.93 458.95 539.93 468.95
2 573.17 421.7 603.17 431.7
2 648.0 96.34 659.0 131.34
2 675.1 278.99 705.1 289.99
2 719.12 306.14 748.12 315.14
2 777.51 324.26 789.51 358.26
2 738.58 375.08 746.58 395.08
2 722.05 367.83 736.05 374.83
2 907.45 303.19 932.45 315.19
2 973.87 350.13 997.87 362.13
2 980.76 243.71 989.76 260.71
2 931.59 284.6 940.59 301.6
2 887.98 203.15 909.98 214.15
2 913.97 136.09 923.97 157.09
2 996.39 103.77 1009.39 124.77
2 831.03 32.95 854.03 40.95
2 553.92 615.25 561.92 628.25
2 86.56 947.73 116.56 977.73
2 148.93 909.99 176.93 937.99
2 162.61 818.38 187.61 853.38
2 167.98 788.93 194.98 826.93
2 253.0 885.21 286.0 918.21
2 288.7 830.0 316.7 859.0
2 319.99 813.72 353.99 848.72
2 288.93 733.96 326.93 775.96
2 393.61 713.54 424.61 748.54
2 444.51 792.91 476.51 828.91
2 854.82 786.08 881.82 810.08
2 789.81 735.89 811.81 755.89
2 695.82 877.18 718.82 898.18
2 769.06 913.98 790.06 936.98
2 797.98 912.01 817.98 935.01
2 829.11 931.16 838.11 946.16
2 412.83 965.08 431.83 976.08
2 371.0 892.0 391.0 904.0
2 446.76 907.0 463.76 917.0
2 361.12 719.13 378.12 729.13
2 437.89 618.85 468.89 651.85
2 469.91 681.68 485.91 689.68
2 632.48 659.12 655.48 683.12
2 711.61 574.79 745.61 610.79
2 579.74 397.24 608.74 426.24
2 627.53 353.99 676.53 407.99
2 800.62 471.69 840.62 512.69
2 867.82 441.14 893.82 467.14
2 598.85 506.61 613.85 514.61
2 537.73 261.36 581.73 306.36
2 917.21 386.61 936.21 397.61
2 762.92 242.14 795.92 282.14
2 844.13 182.1 865.13 193.1
2 741.72 -1.53 797.72 60.47
2 781.04 409.21 807.04 431.21
1 898.04 990.21 908.04 1000.21
1 1007.1 955.21 1018.1 966.21
1 917.83 696.07 937.83 716.07
1 877.16 736.25 886.16 745.25
1 757.91 902.95 768.91 913.95
1 732.87 975.0 741.87 984.0
1 761.1 964.28 775.1 978.28
1 701.19 723.19 710.19 732.19
1 665.08 687.16 676.08 698.16
1 556.89 955.94 563.89 962.94
1 530.0 848.09 540.0 858.09
1 425.0 908.0 431.0 914.0
1 407.0 993.0 415.0 1001.0
1 306.04 951.21 316.04 961.21
1 122.5 873.0 130.5 880.0
1 218.05 918.13 229.05 929.13
1 212.65 961.63 222.65 971.63
1 460.16 1001.22 472.16 1013.22
1 589.85 997.0 600.85 1008.0
1 545.87 1007.95 556.87 1018.95
1 643.09 987.09 652.09 996.09
1 772.96 871.01 787.96 886.01
1 817.92 845.06 829.92 857.06
1 891.82 895.95 904.82 908.95
1 922.85 852.95 937.85 867.95
1 951.87 978.12 967.87 994.12
1 969.88 748.03 982.88 761.03
1 850.26 693.29 866.26 709.29
1 668.27 854.33 684.27 870.33
1 676.82 896.12 689.82 909.12
1 693.12 907.28 704.12 918.28
1 600.13 833.2 616.13 849.2
1 645.21 855.91 655.21 864.91
1 522.55 913.67 536.55 927.67
1 941.98 774.05 953.98 786.05
1 739.0 695.5 753.0 710.5
1 981.02 583.18 995.02 597.18
1 948.82 549.0 962.82 563.0
1 1009.0 705.24 1023.0 719.24
1 804.03 799.12 813.03 808.12
1 760.05 787.12 775.05 802.12
1 663.09 655.22 678.09 670.22
1 610.6 673.68 621.6 684.68
1 687.59 554.59 693.59 560.59
1 565.0 538.5 573.0 547.5
1 505.09 683.09 514.09 692.09
1 536.24 667.89 548.24 678.89
1 967.89 656.63 985.89 675.63
1 1000.03 619.14 1015.03 634.14
1 1000.5 547.11 1016.5 562.11
1 640.11 567.11 648.11 575.11
1 595.95 745.52 607.95 758.52
1 980.83 825.03 989.83 834.03
1 674.94 431.15 683.94 440.15
1 834.57 341.69 842.57 349.69
1 474.33 380.43 483.33 389.43
1 489.83 264.96 499.83 274.96
1 720.04 335.21 730.04 345.21
1 978.08 411.16 989.08 422.16
