0 891.51 205.19 922.51 227.19
0 703.48 78.21 734.48 148.21
0 738.5 183.72 767.5 226.72
0 659.27 101.27 705.27 128.27
0 615.63 153.26 643.63 211.26
0 576.47 75.4 613.47 102.4
0 910.5 217.09 1011.5 383.09
0 242.06 80.56 308.06 131.56
0 510.38 351.28 542.38 370.28
0 591.98 454.69 613.98 504.69
0 890.48 563.79 917.48 620.79
0 862.06 493.2 918.06 553.2
0 702.93 814.09 742.93 844.09
0 923.96 838.7 965.96 897.7
0 941.5 966.1 986.5 994.1
0 879.52 954.66 912.52 991.66
0 559.49 717.6 598.49 738.6
0 224.03 440.7 252.03 467.7
0 15.04 619.69 55.04 690.69
0 959.99 463.64 999.99 494.64
0 335.05 879.12 404.05 941.12
0 337.49 623.65 389.49 691.65
0 781.5 776.11 832.5 816.11
0 798.05 126.62 842.05 165.62
0 -1.18 -2.05 93.82 55.95
2 917.36 773.57 950.36 790.57
2 344.58 408.13 423.58 486.13
2 98.97 913.66 140.97 988.66
2 802.57 276.62 853.57 319.62
2 863.7 772.57 914.7 813.57
2 14.53 167.13 89.53 253.13
2 281.99 756.24 303.99 802.24
2 251.52 767.54 346.52 818.54
2 404.54 26.64 438.54 58.64
2 450.53 61.67 472.53 82.67
2 624.5 211.07 668.5 253.07
2 65.53 440.61 146.53 517.61
2 616.99 526.1 662.99 570.1
2 926.98 107.56 970.98 150.56
2 491.99 107.78 509.99 154.78
2 545.99 7.73 565.99 50.73
2 580.0 160.28 600.0 212.28
2 483.41 676.55 532.41 697.55
2 458.5 402.71 479.5 423.71
2 507.0 614.68 555.0 662.68
2 555.0 927.13 603.0 975.13
2 450.5 660.72 478.5 688.72
2 401.24 970.35 428.24 997.35
2 794.03 1001.7 808.03 1015.7
2 896.13 909.4 911.13 924.4
2 623.49 808.75 642.49 848.75
2 833.51 634.97 852.51 653.97
2 852.17 606.33 871.17 629.33
2 831.45 598.32 841.45 607.32
2 754.0 566.32 770.0 608.32
2 160.48 207.17 225.48 277.17
1 159.02 884.23 183.02 908.23
1 15.01 743.23 37.01 765.23
1 37.5 711.71 62.5 734.71
1 103.99 809.74 125.99 830.74
1 34.44 873.19 55.44 893.19
1 171.98 547.74 199.98 574.74
1 251.97 475.75 279.97 506.75
1 235.47 312.69 260.48 335.69
1 65.49 347.2 86.49 367.2
1 178.89 287.63 194.89 302.63
1 193.97 270.25 213.97 290.25
1 142.57 309.67 159.57 328.67
1 34.61 286.59 51.61 303.59
1 50.59 396.61 67.59 413.61
1 41.4 372.2 52.4 382.2
1 148.38 43.69 175.38 66.69
1 344.86 70.66 359.86 83.66
1 333.96 91.14 347.96 105.14
1 372.43 130.57 381.43 144.57
1 420.5 104.5 427.5 115.5
1 407.6 158.57 420.6 166.57
1 517.49 182.68 529.49 201.68
1 318.04 203.63 332.04 212.63
1 291.49 308.65 301.49 324.65
1 275.46 292.14 288.46 305.14
1 199.0 377.14 211.0 389.14
1 108.5 140.28 125.5 157.28
1 128.0 192.56 145.0 209.56
1 147.99 271.16 163.99 287.16
1 227.0 365.27 246.0 384.27
1 417.01 299.16 433.01 315.16
1 484.01 336.6 501.01 353.6
1 504.5 303.18 522.5 321.18
1 480.5 228.5 496.5 244.5
1 157.95 716.58 177.95 736.58
1 186.16 677.57 203.16 695.57
1 222.27 628.34 240.27 647.34
1 156.63 588.56 176.63 608.56
1 149.18 607.47 172.18 629.47
1 175.17 767.73 198.17 790.73
1 338.2 845.41 359.2 866.41
1 95.34 899.63 115.34 918.63
1 430.52 788.39 457.52 815.39
1 457.08 488.82 483.08 514.82
1 500.19 550.7 525.19 575.7
1 506.23 522.32 519.23 534.32
1 532.51 523.56 547.51 538.56
1 538.09 611.29 555.09 628.29
1 529.3 828.41 548.3 847.41
1 540.94 849.53 558.94 867.53
1 125.0 746.27 147.0 768.27
1 33.0 962.27 55.0 984.27
1 599.0 424.27 621.0 446.27
1 581.49 326.67 612.49 361.67
1 667.09 276.02 683.09 301.02
1 696.09 344.44 715.09 360.44
1 760.47 335.56 785.47 357.56
1 754.63 383.63 768.63 398.63
1 762.3 422.78 786.3 444.78
1 818.06 366.65 840.06 387.65
1 808.57 401.64 822.57 416.64
1 881.58 374.38 901.58 393.38
1 950.43 420.26 970.43 442.26
1 964.0 515.21 982.0 535.21
1 960.61 606.65 978.61 623.65
1 971.2 657.33 984.2 670.33
1 844.0 717.74 870.0 744.74
1 772.51 603.21 793.51 623.21
1 738.2 685.3 757.2 702.3
1 757.56 657.69 780.56 680.69
1 706.27 579.25 742.27 604.25
1 636.1 376.54 659.1 400.54
1 646.0 687.5 660.0 697.5
1 979.59 798.64 1006.59 819.64
1 984.49 756.27 1009.49 784.27
1 951.97 753.64 983.97 776.64
1 986.48 723.65 1003.48 746.65
1 737.47 873.19 762.47 891.19
1 733.46 987.15 754.46 1003.15
1 740.92 758.68 760.92 781.68
1 599.96 837.59 610.96 851.59
1 603.52 786.58 623.52 801.58
1 189.49 603.76 212.49 636.76
