0 75.45 3.06 105.45 31.06
0 132.14 13.07 168.14 53.07
0 105.69 42.13 134.69 89.13
0 212.08 8.04 258.08 39.04
0 325.04 10.16 356.04 40.16
0 41.04 190.05 82.04 240.05
0 276.81 344.03 298.81 381.03
0 -2.06 240.36 23.94 291.36
0 77.64 392.29 107.64 417.29
0 -1.47 376.09 23.53 405.09
0 62.74 112.73 93.74 139.73
0 152.78 280.02 190.78 316.02
0 222.03 448.18 249.03 479.18
0 50.73 344.87 73.73 362.87
0 684.48 179.14 716.48 203.14
0 90.77 829.36 116.77 847.36
0 43.96 824.18 70.96 844.18
0 121.03 881.33 139.03 904.33
0 183.8 759.34 209.8 782.34
0 214.83 628.94 239.83 652.94
0 189.47 610.25 213.47 633.25
0 65.06 520.31 92.06 548.31
0 5.12 634.1 25.12 658.1
0 408.38 568.19 432.38 591.19
0 664.19 710.73 687.19 734.73
0 667.43 985.71 689.43 1007.71
0 536.46 954.49 556.46 975.49
0 45.92 733.15 63.92 754.15
0 7.81 774.48 24.81 799.48
0 308.98 492.4 331.98 516.4
0 879.75 336.17 897.75 355.17
0 911.5 493.67 932.5 515.67
0 629.57 329.62 653.57 350.62
0 219.96 350.32 241.96 368.32
0 744.32 317.17 765.32 335.17
0 21.04 78.31 51.04 110.31
0 283.7 268.19 306.7 287.19
0 128.91 584.06 145.91 603.06
0 121.71 460.82 148.71 483.82
0 339.38 333.75 361.38 354.75
0 432.21 402.33 450.21 424.33
0 409.03 454.21 423.03 479.21
0 398.08 492.35 417.08 523.35
2 73.48 281.06 131.48 338.06
2 16.77 323.91 52.77 359.91
2 280.2 419.12 329.2 468.12
2 363.12 381.3 394.12 412.3
2 236.0 143.06 280.0 187.06
2 374.91 43.12 404.91 73.12
2 678.04 316.14 729.04 367.14
2 654.7 204.18 684.7 240.18
2 588.98 263.37 614.98 290.37
2 601.85 -1.54 642.85 38.46
2 805.88 136.4 839.88 168.4
2 861.87 354.3 893.87 387.3
2 968.71 471.05 995.71 502.05
2 858.04 252.03 882.04 277.03
2 157.95 910.16 181.95 934.16
2 240.2 953.31 267.2 980.31
2 277.19 951.27 304.19 978.27
2 268.08 736.32 294.08 762.32
2 79.98 646.21 108.98 675.21
2 105.86 735.95 131.86 761.95
2 176.54 544.0 211.54 584.0
2 349.86 796.38 375.86 828.38
2 814.08 697.1 840.08 727.1
2 811.1 823.3 841.1 853.3
2 697.92 671.31 728.92 704.31
2 849.82 565.19 876.82 589.19
2 951.13 976.37 974.13 1005.37
2 593.71 907.25 614.71 933.25
2 254.92 240.27 268.92 282.27
2 187.88 219.16 218.88 229.16
2 207.13 296.13 215.13 322.13
2 187.0 293.0 204.0 299.0
2 10.0 357.16 42.0 367.16
2 1.04 472.13 23.04 479.13
2 386.82 95.11 413.82 104.11
2 410.9 215.56 443.9 227.56
2 421.63 14.33 429.63 37.33
2 489.41 273.82 519.41 284.82
2 717.03 447.9 747.03 457.9
2 818.0 307.95 842.0 315.95
2 693.9 61.43 729.9 74.43
2 317.03 728.57 338.03 736.57
2 528.01 911.87 550.01 923.87
2 682.98 913.14 705.98 925.14
2 992.56 557.23 1020.56 571.23
2 940.96 764.11 949.96 781.11
2 835.0 848.13 856.0 859.13
2 -1.28 563.64 30.72 577.64
2 422.0 318.09 449.0 327.09
2 752.03 431.71 777.03 444.71
2 670.0 537.66 689.0 547.66
2 510.62 341.96 528.62 362.96
2 37.02 459.69 57.02 469.69
2 498.88 143.97 511.88 169.97
2 477.37 638.64 505.37 666.64
2 372.87 230.07 402.87 260.07
2 301.95 838.89 321.95 848.89
2 570.05 874.09 579.05 893.09
2 143.16 442.32 157.16 468.32
1 57.0 666.59 67.0 677.59
1 119.0 680.14 131.0 692.14
1 300.91 616.0 310.91 626.0
1 254.95 563.04 264.95 573.04
1 294.87 675.96 312.87 693.96
1 162.0 723.14 174.0 735.14
1 87.93 531.97 98.93 542.97
1 131.19 369.19 140.19 378.19
1 183.12 252.24 197.12 266.24
1 321.12 259.28 332.12 270.28
1 423.67 527.89 432.67 536.89
1 566.0 516.14 578.0 528.14
1 948.0 436.09 958.0 446.09
1 994.21 347.21 1000.21 353.21
1 950.17 312.14 961.17 323.14
1 963.0 567.25 980.0 584.25
1 925.89 557.94 942.89 574.94
1 878.93 683.05 893.93 698.05
1 825.1 441.21 836.1 452.21
1 829.85 281.0 840.85 292.0
1 805.77 607.98 819.77 621.98
1 806.98 636.03 821.98 651.03
1 143.62 516.76 156.62 529.76
1 43.12 957.28 61.12 975.28
1 229.16 940.25 242.16 953.25
1 369.77 737.98 383.77 751.98
1 421.88 689.18 444.88 712.18
1 305.1 533.68 321.1 550.68
1 548.64 748.75 565.64 765.75
1 529.62 1004.78 541.62 1016.78
1 622.64 938.69 634.64 950.69
1 894.17 966.14 905.17 977.14
1 1001.81 829.39 1011.81 840.39
1 873.0 776.14 885.0 788.14
1 895.12 777.28 906.12 788.28
1 793.85 890.0 804.85 901.0
1 591.77 998.98 605.77 1012.98
1 772.12 657.24 786.12 671.24
1 298.88 867.98 315.88 884.98
1 251.0 901.75 268.0 919.75
1 285.86 812.94 299.86 826.94
1 369.1 429.18 379.1 439.18
1 629.03 396.21 643.03 410.21
1 683.89 427.05 704.89 448.05
1 754.0 196.0 770.0 212.0
1 772.0 142.24 790.0 160.24
1 597.02 292.22 614.02 309.22
1 855.5 415.64 868.5 428.64
1 816.99 340.18 830.99 354.18
1 793.04 217.28 813.04 237.28
1 863.77 212.98 877.77 226.98
1 924.95 77.0 941.95 94.0
1 993.0 134.14 1005.0 146.14
1 979.0 102.14 991.0 114.14
1 1000.5 204.64 1013.5 217.64
1 158.76 155.0 179.76 176.0
1 670.19 589.19 679.19 598.19
1 689.16 391.25 702.16 404.25
