0 310.75 464.77 397.75 508.77
0 846.75 862.98 949.75 913.98
0 730.84 161.08 780.84 196.08
0 301.91 279.3 347.91 354.3
0 531.96 688.61 593.96 760.61
0 234.96 897.07 266.96 937.07
0 40.55 828.88 73.55 877.88
0 981.8 81.9 1014.8 118.9
2 280.9 367.09 319.9 433.09
2 319.01 7.52 393.01 82.52
2 95.92 17.04 133.92 55.04
2 501.26 198.64 535.26 233.64
2 110.16 782.92 140.16 812.92
2 86.71 945.99 146.71 1005.99
2 865.61 174.5 956.61 264.5
1 215.96 513.82 229.96 527.82
1 18.15 555.94 27.15 564.94
1 28.92 549.97 35.92 556.97
1 452.97 733.92 463.97 744.92
1 462.9 730.81 471.9 739.81
1 734.8 793.83 747.8 806.83
1 999.15 424.15 1009.15 434.15
1 974.04 591.77 987.04 604.77
1 890.05 529.19 911.05 549.19
