0 439.14 841.85 558.14 905.85
0 961.74 400.45 1010.74 475.45
0 865.08 199.1 934.08 238.1
0 117.12 385.43 165.12 455.43
0 238.06 474.99 283.06 518.99
0 867.01 926.75 908.01 970.75
0 -1.6 308.12 18.4 363.12
0 331.81 185.01 354.81 201.01
0 416.63 711.57 446.63 729.57
0 599.73 634.87 642.73 687.87
0 467.17 495.8 629.17 621.8
0 714.31 740.02 745.31 768.02
0 402.92 61.14 436.92 93.14
0 659.01 400.84 687.01 436.84
2 27.08 718.0 168.08 809.0
2 852.76 466.0 901.76 530.0
2 522.88 241.07 543.88 299.07
2 256.15 143.06 295.15 212.06
2 193.41 -1.1 253.41 11.9
2 933.08 34.0 977.08 78.0
1 426.87 399.81 441.87 414.81
1 3.33 121.18 23.33 141.18
1 672.33 677.23 690.33 695.23
1 515.08 -1.3 541.08 15.7
