0 78.29 479.33 151.29 549.33
0 214.1 412.55 268.1 455.55
0 304.47 393.01 344.47 435.01
0 79.33 426.43 124.33 474.43
0 33.13 409.98 71.13 457.98
0 39.88 557.81 78.88 596.81
0 85.87 601.18 117.87 627.18
0 158.09 495.06 210.09 545.06
0 296.44 595.41 332.44 637.41
0 269.4 663.33 306.4 693.33
0 22.19 339.24 80.19 392.24
0 45.26 226.17 102.26 295.17
0 119.63 186.51 174.63 233.51
0 96.65 82.58 138.65 134.58
0 132.81 76.25 170.81 108.25
0 208.2 13.98 263.2 57.98
0 277.45 85.37 327.45 129.37
0 269.71 68.36 301.71 94.36
0 146.12 184.2 208.12 247.2
0 283.38 256.26 347.38 290.26
0 326.49 309.16 363.49 332.16
0 441.67 191.0 494.67 225.0
0 501.09 184.76 530.09 219.76
0 462.57 395.36 486.57 418.36
0 376.61 482.5 405.61 521.5
0 348.22 499.21 386.22 528.21
0 351.39 650.29 375.39 684.29
0 70.43 674.24 106.43 715.24
0 192.72 649.28 240.72 700.28
0 133.11 704.06 183.11 761.06
0 202.7 785.14 245.7 818.14
0 112.65 812.18 152.65 843.18
0 52.71 811.25 93.71 841.25
0 26.49 817.55 80.49 860.55
0 198.38 829.37 229.38 859.37
0 106.31 870.39 149.31 918.39
0 87.6 937.08 124.6 982.08
0 172.22 867.0 206.22 895.0
0 37.58 971.0 77.58 999.0
0 225.38 969.41 241.38 992.41
0 399.19 970.49 434.19 995.49
0 387.41 731.11 412.41 756.11
0 257.79 538.72 283.79 574.72
0 600.26 811.05 632.26 839.05
0 713.27 662.11 736.27 695.11
0 873.47 628.39 900.47 648.39
0 705.62 889.04 737.62 911.04
0 122.17 616.13 194.17 667.13
0 702.47 509.51 733.47 531.51
0 892.73 349.0 921.73 370.0
0 820.19 388.51 841.19 417.51
0 850.5 280.34 868.5 303.34
0 625.54 161.21 650.54 189.21
0 697.48 152.38 728.48 174.38
0 700.11 18.2 744.11 49.2
0 561.29 16.28 582.29 44.28
0 577.2 34.06 603.2 67.06
0 481.38 140.03 506.38 169.03
0 480.5 226.2 513.5 252.2
0 253.07 321.56 309.07 374.56
0 120.03 336.23 167.03 359.23
0 142.46 370.82 192.46 427.82
0 457.48 736.29 477.48 765.29
0 534.23 754.23 556.23 784.23
0 396.19 244.2 437.19 272.2
0 432.47 286.94 455.47 307.94
0 360.43 62.26 393.43 85.26
0 438.64 6.3 468.64 41.3
0 796.67 114.28 820.67 143.28
0 764.97 428.5 791.97 451.5
0 835.76 526.17 861.76 552.17
0 836.25 696.02 863.25 720.02
0 374.52 809.0 403.52 842.0
0 970.45 862.32 997.45 885.32
0 472.74 556.47 498.74 583.47
0 102.14 245.27 149.14 286.27
0 -2.47 462.94 42.53 519.94
0 803.13 798.0 826.13 817.0
0 776.27 631.8 808.27 658.8
0 755.91 742.19 785.91 767.19
0 783.97 459.82 813.97 484.82
0 608.22 279.09 630.22 306.09
0 412.65 490.19 436.65 513.19
0 197.54 614.25 221.54 641.25
2 32.09 740.32 84.09 792.32
2 44.7 719.26 67.7 741.26
2 219.01 695.79 256.01 732.79
2 286.25 737.13 310.25 762.13
2 145.64 747.13 204.64 806.13
2 300.44 836.59 346.44 882.59
2 -0.34 687.16 35.66 724.16
2 0.54 663.2 34.54 693.2
2 -1.82 605.47 45.18 662.47
2 18.16 549.35 106.16 625.35
2 136.61 306.1 170.61 339.1
2 185.52 320.59 247.52 382.59
2 234.44 307.31 270.44 344.31
2 284.45 283.77 326.45 325.77
2 224.47 148.3 260.47 184.3
2 219.36 130.79 284.36 195.79
2 -0.12 65.43 48.88 115.43
2 168.58 83.38 236.58 151.38
2 327.69 163.42 401.69 237.42
2 463.45 62.25 515.45 106.25
2 409.83 48.64 449.83 88.64
2 443.31 165.33 479.31 195.33
2 487.59 283.03 538.59 337.03
2 531.34 304.14 554.34 327.14
2 667.62 62.26 699.62 94.26
2 547.33 101.89 618.33 164.89
2 910.58 57.27 955.58 101.27
2 995.71 46.52 1024.71 75.52
2 994.56 80.4 1018.56 104.4
2 893.34 237.36 920.34 263.36
2 812.52 209.59 832.52 229.59
2 836.69 369.2 857.69 390.2
2 847.68 475.49 876.68 504.49
2 738.67 515.51 769.67 546.51
2 964.67 507.16 985.67 528.16
2 995.35 356.29 1020.35 382.29
2 697.29 404.38 725.29 432.38
2 695.57 456.22 723.57 483.22
2 688.5 444.16 708.5 463.16
2 739.8 690.35 769.8 720.35
2 833.46 741.98 871.46 779.98
2 788.45 949.77 830.45 991.77
2 614.47 747.47 646.47 780.47
2 561.7 690.72 594.7 723.72
2 517.4 889.31 560.4 931.31
2 645.35 701.2 688.35 744.2
2 761.66 832.35 784.66 856.35
2 542.23 976.01 572.23 1006.01
2 369.22 687.64 401.22 721.64
2 276.17 822.01 296.17 842.01
2 315.19 550.38 375.19 610.38
2 255.7 515.5 316.7 576.5
2 566.71 457.49 595.71 486.49
2 594.62 416.24 626.62 448.24
2 617.57 417.07 647.57 447.07
2 450.57 625.38 474.57 649.38
2 751.58 558.38 773.58 580.38
2 400.14 267.17 436.14 304.17
2 368.26 -1.04 411.26 37.96
2 333.41 101.23 355.41 124.23
2 390.28 91.03 425.28 133.03
2 506.55 87.12 553.55 134.12
2 560.51 69.27 588.51 98.27
2 753.11 129.86 786.11 162.86
2 819.42 101.81 844.42 126.81
2 871.37 402.52 898.37 429.52
2 552.4 345.03 575.4 367.03
2 377.52 418.07 411.52 452.07
2 571.46 229.19 602.46 260.19
2 85.87 -0.33 137.87 28.67
2 174.23 109.05 205.23 132.05
2 276.06 117.6 288.06 143.6
2 242.41 244.49 264.41 280.49
2 199.49 234.32 232.49 250.32
2 205.72 351.28 238.72 379.28
2 261.29 479.05 274.29 499.05
2 186.72 529.3 216.72 553.3
2 94.62 648.05 138.62 670.05
2 315.34 802.26 348.34 826.26
2 134.35 861.09 159.35 880.09
2 243.56 935.64 263.56 953.64
2 429.96 841.48 448.96 869.48
2 440.83 815.11 468.83 834.11
2 465.57 897.46 487.57 914.46
2 701.16 830.14 723.16 850.14
2 703.39 859.6 717.39 878.6
2 900.61 683.49 917.61 705.49
2 878.24 591.19 900.24 608.19
2 854.81 575.59 874.81 594.59
2 788.58 596.91 804.58 615.91
2 621.67 702.41 642.67 721.41
2 538.45 619.39 565.45 640.39
2 567.55 646.18 583.55 667.18
2 489.7 487.24 522.7 510.24
2 526.43 546.38 540.43 566.38
2 435.88 550.93 461.88 568.93
2 241.69 486.61 268.69 517.61
2 409.3 433.58 438.3 457.58
2 490.98 402.69 507.98 420.69
2 630.76 353.12 652.76 383.12
2 722.53 374.1 752.53 397.1
2 945.19 261.25 977.19 283.25
2 949.34 223.53 963.34 247.53
2 698.55 241.25 722.55 268.25
2 650.2 40.42 672.2 68.42
2 708.31 0.27 729.31 23.27
2 774.92 96.34 789.92 116.34
2 851.25 220.29 873.25 234.29
2 335.13 957.34 389.13 1009.34
2 640.07 977.0 667.07 1003.0
2 632.33 542.97 659.33 569.97
2 785.53 655.46 812.53 680.46
2 861.41 831.5 890.41 862.5
2 775.23 810.51 799.23 834.51
2 894.7 574.11 920.7 599.11
2 967.47 557.88 995.47 576.88
2 924.51 517.3 937.51 535.3
2 688.37 775.36 702.37 793.36
2 813.01 834.65 826.01 850.65
2 875.23 948.0 888.23 962.0
2 349.24 523.35 379.24 553.35
2 407.46 577.35 433.46 603.35
2 395.54 656.29 413.54 674.29
2 331.93 362.66 360.93 391.66
2 169.51 581.44 196.51 609.44
2 190.4 559.58 211.4 580.58
2 186.37 574.14 216.37 604.14
2 344.43 695.37 367.43 713.37
1 657.29 606.11 680.29 643.11
1 747.52 606.45 771.52 622.45
1 736.55 629.79 752.55 654.79
1 657.66 764.06 681.66 779.06
1 633.15 795.35 651.15 823.35
1 726.56 806.53 738.56 824.53
1 912.12 783.97 926.12 795.97
1 914.58 807.22 936.58 828.22
1 859.7 679.01 884.7 705.01
1 925.16 714.92 943.16 732.92
1 947.52 746.38 968.52 766.38
1 970.43 740.0 988.43 758.0
1 993.68 775.4 1012.68 793.4
1 978.25 830.23 995.25 847.23
1 877.58 737.83 899.58 758.83
1 951.66 608.18 970.66 625.18
1 982.66 630.35 1007.66 656.35
1 692.48 610.25 708.48 627.25
1 875.34 441.98 898.34 463.98
1 953.58 389.32 977.58 413.32
1 925.83 434.14 949.83 457.14
1 937.5 463.92 953.5 478.92
1 968.76 494.5 986.76 511.5
1 1008.28 436.96 1025.28 456.96
1 797.48 425.53 822.48 450.53
1 812.71 490.35 835.71 512.35
1 727.48 464.45 743.48 479.45
1 736.66 488.38 757.66 508.38
1 692.47 338.04 719.47 364.04
1 748.55 318.48 772.55 341.48
1 723.38 296.27 746.38 318.27
1 743.34 209.63 764.34 231.63
1 798.03 291.36 819.03 311.36
1 821.11 224.99 837.11 240.99
1 832.82 230.79 856.82 253.79
1 860.99 276.0 879.99 294.0
1 933.58 290.81 948.58 305.81
1 951.15 310.79 969.15 327.79
1 894.7 279.22 915.7 300.22
1 847.72 349.58 872.72 373.58
1 858.53 145.15 880.53 166.15
1 907.63 157.24 922.63 171.24
1 948.71 118.05 962.71 132.05
1 873.59 38.53 897.59 63.53
1 831.1 46.63 856.1 72.63
1 897.5 70.38 923.5 101.38
1 652.55 280.14 681.55 305.14
1 598.13 262.27 614.13 279.27
1 596.39 347.54 621.39 380.54
1 541.73 406.43 557.73 421.43
1 512.59 385.53 534.59 404.53
1 566.16 202.0 586.16 216.0
1 617.05 244.5 635.05 257.5
1 631.22 108.37 659.22 136.37
1 649.41 85.48 676.41 112.48
1 621.12 32.6 637.12 48.6
1 676.12 38.88 701.12 63.88
1 675.5 144.37 689.5 158.37
1 684.23 200.35 712.23 228.35
1 597.69 211.25 620.69 234.25
1 654.35 454.32 671.35 470.32
1 633.72 495.34 660.72 521.34
1 604.61 592.1 621.61 609.1
1 583.56 601.57 603.56 621.57
1 615.54 658.42 637.54 680.42
1 600.06 676.84 623.06 699.84
1 600.41 560.29 617.41 577.29
1 644.27 723.56 655.27 734.56
1 788.61 751.4 805.61 769.4
1 568.73 769.5 595.73 796.5
1 539.29 841.31 556.29 859.31
1 597.69 851.8 620.69 874.8
1 586.24 879.65 608.24 901.65
1 639.3 897.95 652.3 910.95
1 640.32 942.21 657.32 959.21
1 622.38 955.12 645.38 978.12
1 684.43 879.5 701.43 896.5
1 688.12 914.29 700.12 926.29
1 755.28 908.0 770.28 922.0
1 793.81 917.52 815.81 939.52
1 825.66 866.52 842.66 883.52
1 821.25 890.37 840.25 910.37
1 730.17 935.0 750.17 955.0
1 659.5 972.18 673.5 985.18
1 602.5 976.63 616.5 990.63
1 710.24 975.16 728.24 992.16
1 720.67 986.26 751.67 1016.26
1 776.06 1014.8 788.06 1024.8
1 572.54 1001.13 592.54 1020.13
1 518.39 963.56 536.39 982.56
1 582.2 913.38 604.2 935.38
1 513.44 872.27 534.44 893.27
1 609.64 784.18 624.64 799.18
1 527.49 723.11 541.49 736.11
1 508.56 697.12 530.56 718.12
1 560.35 723.34 583.35 745.34
1 594.37 501.33 621.37 529.33
1 549.66 572.52 572.66 595.52
1 524.02 495.06 535.02 506.06
1 605.58 471.38 614.58 481.38
1 683.45 490.52 712.45 519.52
1 948.43 663.03 979.43 693.03
1 908.11 648.03 918.11 658.03
1 869.6 527.5 886.6 544.5
1 851.24 510.15 869.24 527.15
1 884.5 474.0 902.5 492.0
1 792.42 701.5 812.42 722.5
1 896.45 889.32 927.45 919.32
1 931.43 902.14 947.43 917.14
1 918.25 869.14 931.25 882.14
1 908.88 957.56 934.88 983.56
1 976.57 961.32 998.57 983.32
1 994.84 301.99 1018.84 325.99
1 919.55 141.61 939.55 161.61
1 958.38 131.49 979.38 152.49
1 962.61 159.03 980.61 177.03
1 1014.04 126.0 1025.04 150.0
1 811.15 172.38 825.15 186.38
1 729.59 161.03 745.59 177.03
1 760.24 263.41 784.24 287.41
1 763.75 164.31 796.75 190.31
1 914.97 178.17 935.97 197.17
1 968.55 20.44 994.55 41.44
1 837.28 98.2 856.28 121.2
1 464.24 704.51 486.24 724.51
1 465.45 673.18 497.45 701.18
1 456.33 642.24 487.33 675.24
1 444.44 599.26 466.44 618.26
1 475.5 525.47 505.5 550.47
1 408.6 535.1 436.6 561.1
1 494.58 552.99 518.58 575.99
1 500.35 456.69 520.35 474.69
1 493.63 360.35 521.63 384.35
1 415.3 311.23 434.3 326.23
1 388.52 377.12 405.52 398.12
1 262.57 378.42 294.57 404.42
1 224.26 383.81 241.26 397.81
1 211.71 504.27 229.71 519.27
1 240.23 461.03 262.23 479.03
1 182.53 400.96 208.53 430.96
1 116.11 372.95 130.11 386.95
1 95.47 337.2 113.47 352.2
1 278.37 17.1 295.37 32.1
1 1012.15 161.53 1025.15 179.53
1 734.41 349.0 751.41 363.0
1 801.56 374.5 829.56 399.5
1 334.72 746.42 346.72 756.42
1 306.55 708.98 326.55 730.98
1 426.42 682.29 447.42 708.29
1 355.44 777.51 382.44 800.51
1 345.4 754.2 370.4 775.2
1 407.97 786.27 424.97 806.27
1 371.55 852.14 391.55 869.14
1 235.4 905.64 264.4 929.64
1 286.18 890.09 306.18 906.09
1 370.45 919.25 390.45 941.25
1 430.21 906.19 452.21 933.19
1 390.5 897.17 418.5 924.17
1 25.68 880.98 56.68 916.98
1 88.69 909.99 120.69 938.99
1 169.78 891.99 200.78 916.99
1 296.62 962.23 309.62 975.23
1 317.48 939.04 334.48 959.04
1 335.03 917.52 351.03 931.52
1 296.45 932.01 317.45 950.01
1 40.49 511.06 68.49 533.06
1 181.68 456.21 219.68 486.21
1 491.38 623.75 510.38 644.75
1 501.23 604.41 520.23 620.41
1 461.36 871.12 482.36 893.12
1 483.37 820.44 498.37 838.44
1 471.79 844.18 491.79 861.18
1 478.35 942.11 497.35 965.11
1 314.15 915.21 326.15 926.21
1 473.97 786.27 488.97 805.27
1 428.68 793.8 438.68 804.8
1 486.4 989.17 513.4 1022.17
1 624.69 1009.08 649.69 1025.08
1 663.17 792.05 683.17 810.05
1 537.7 494.29 558.7 516.29
1 449.68 441.66 475.68 469.66
1 471.63 497.22 490.63 514.22
1 549.82 312.25 575.82 338.25
1 542.33 184.26 571.33 221.26
1 541.35 120.39 564.35 140.39
1 813.65 929.39 836.65 960.39
1 947.32 996.55 963.32 1009.55
1 968.36 985.45 983.36 1000.45
1 898.27 996.74 926.27 1024.74
1 160.63 924.88 205.63 969.88
1 287.7 989.14 306.7 1008.14
1 223.21 876.01 247.21 900.01
1 278.78 909.97 300.78 931.97
1 142.19 972.04 160.19 990.04
1 599.57 625.43 629.57 655.43
1 527.34 241.01 552.34 267.01
1 552.22 275.37 578.22 301.37
1 629.57 325.98 653.57 349.98
1 649.54 335.3 677.54 363.3
1 790.59 23.33 818.59 51.33
1 428.53 131.2 456.53 160.2
