0 573.44 828.01 624.44 860.01
0 629.11 794.02 694.11 834.02
0 193.13 788.01 243.13 828.01
0 64.52 772.3 95.52 808.3
0 346.55 828.14 388.55 853.14
0 862.73 844.03 893.73 872.03
0 700.42 712.95 722.42 733.95
0 717.26 717.38 747.26 745.38
0 415.4 735.07 450.4 762.07
0 744.73 814.4 795.73 860.4
0 305.21 686.52 347.21 721.52
0 263.54 716.23 302.54 742.23
0 356.95 713.2 385.95 753.2
0 894.46 812.15 927.46 833.15
0 992.75 715.3 1024.75 746.3
0 724.57 834.5 762.57 865.5
0 156.35 623.21 173.35 643.21
0 76.45 679.1 102.45 722.1
0 520.5 789.41 559.5 822.41
0 218.29 717.54 251.29 758.54
0 111.59 774.63 139.59 790.63
0 959.55 827.1 987.55 850.1
0 586.72 728.09 617.72 745.09
2 10.44 13.89 28.44 32.89
2 203.54 45.98 227.54 69.98
2 10.52 80.22 39.52 109.22
2 388.52 78.0 414.52 106.0
2 718.41 56.66 743.41 80.66
2 464.57 129.1 490.57 156.1
2 559.48 171.24 583.48 195.24
2 507.71 202.32 533.71 229.32
2 494.59 227.46 520.59 252.46
2 356.56 285.23 378.56 308.23
2 213.19 248.26 235.19 269.26
2 222.76 206.18 249.76 231.18
2 273.55 428.5 301.55 455.5
2 315.35 560.32 346.35 590.32
2 554.22 469.15 582.22 496.15
2 479.62 733.51 556.62 806.51
2 293.22 309.46 315.22 330.46
2 300.4 617.19 337.4 652.19
2 619.75 694.3 652.75 724.3
2 644.18 649.38 672.18 677.38
2 108.48 730.11 134.48 774.11
2 142.55 712.01 188.55 732.01
2 864.11 781.05 884.11 814.05
2 56.3 654.21 73.3 691.21
2 131.62 602.16 183.62 623.16
2 222.83 550.99 253.83 564.99
2 166.37 669.32 184.37 704.32
2 661.28 412.13 683.28 425.13
2 831.52 589.22 871.52 605.22
2 269.63 513.17 293.63 524.17
2 352.26 545.14 365.26 567.14
2 762.49 749.62 800.49 787.62
2 916.26 757.16 948.26 788.16
2 916.38 659.29 950.38 694.29
2 914.64 301.52 944.64 330.52
2 44.53 266.4 62.53 296.4
2 277.34 73.15 307.34 88.15
1 4.39 32.24 25.39 53.24
1 27.41 11.18 42.41 27.18
1 54.58 81.93 65.58 93.93
1 25.69 116.34 39.69 130.34
1 20.57 187.57 35.57 201.57
1 45.66 198.27 66.66 223.27
1 112.45 60.68 126.45 76.68
1 71.77 109.13 92.77 128.13
1 72.67 136.31 91.67 154.31
1 92.37 172.03 106.37 188.03
1 119.7 197.13 133.7 208.13
1 197.38 185.19 213.38 204.19
1 112.79 45.63 128.79 59.63
1 132.13 120.22 148.13 134.22
1 139.38 152.83 154.38 165.83
1 154.56 122.4 165.56 136.4
1 191.28 69.36 206.28 85.36
1 255.8 33.19 273.8 48.19
1 17.55 249.58 37.55 267.58
1 226.61 127.14 241.61 142.14
1 214.53 110.63 225.53 122.63
1 79.41 281.62 98.41 303.62
1 129.35 261.64 145.35 275.64
1 74.37 263.07 91.37 278.07
1 133.77 293.5 158.77 317.5
1 139.53 345.38 155.53 357.38
1 336.41 18.34 353.41 36.34
1 396.35 22.37 406.35 36.37
1 481.11 4.31 495.11 14.31
1 492.61 37.05 503.61 47.05
1 0.62 351.37 15.62 371.37
1 21.11 327.27 35.11 346.27
1 355.29 63.96 385.29 87.96
1 439.17 101.48 457.17 121.48
1 418.61 86.52 429.61 101.52
1 317.11 185.91 327.11 197.91
1 466.3 100.51 479.3 115.51
1 484.0 115.8 499.0 130.8
1 514.67 38.24 533.67 55.24
1 569.48 41.38 581.48 53.38
1 600.33 62.42 621.33 81.42
1 638.29 40.28 659.29 70.28
1 681.87 31.22 696.87 43.22
1 736.97 27.24 753.97 39.24
1 849.14 7.78 863.14 18.77
1 10.13 480.46 49.13 510.46
1 71.26 484.18 89.26 501.18
1 130.35 466.26 151.35 480.26
1 271.25 835.12 286.25 850.12
1 835.55 697.22 855.55 724.22
1 928.97 580.48 945.97 603.48
1 838.43 544.45 856.43 559.45
1 581.42 787.16 608.42 806.16
1 786.51 677.33 804.51 701.33
1 798.45 718.03 816.45 734.03
1 777.19 877.97 799.19 893.97
1 965.25 901.37 987.25 917.37
1 571.7 115.05 592.7 129.05
1 551.35 121.29 570.35 137.29
1 539.23 149.24 557.23 164.24
1 528.67 175.26 547.67 190.26
1 498.44 179.98 519.44 195.98
1 357.66 127.24 378.66 147.24
1 328.61 131.19 347.61 150.19
1 271.33 152.0 286.33 168.0
1 383.71 157.5 400.71 174.5
1 368.68 186.53 383.68 201.53
1 410.46 203.51 428.46 220.51
1 429.59 230.47 457.59 257.47
1 477.95 203.77 496.95 222.77
1 645.37 27.09 660.37 42.09
1 137.52 225.35 153.52 241.35
1 195.68 303.26 212.68 319.26
1 246.29 294.31 263.29 312.31
1 415.5 34.68 427.5 46.68
1 607.71 169.5 628.71 190.5
1 662.21 126.0 682.21 146.0
1 726.5 107.0 744.5 125.0
1 719.38 148.23 735.38 165.23
1 767.17 195.21 785.17 214.21
1 798.66 201.1 809.66 212.1
1 846.01 156.21 854.01 165.21
1 827.66 134.37 852.66 160.37
1 845.33 58.0 860.33 74.0
1 760.4 148.0 773.4 160.0
1 737.13 169.61 755.13 187.61
1 918.56 173.12 940.56 188.12
1 974.22 324.94 998.22 338.94
1 978.53 266.02 996.53 278.02
1 950.27 71.09 963.27 90.09
1 494.38 661.24 503.38 677.24
1 414.22 841.06 438.22 855.06
1 463.79 824.33 512.79 850.33
1 30.22 713.24 67.22 757.24
1 13.62 621.95 41.62 653.95
1 52.67 580.16 83.67 609.16
1 96.36 561.08 117.36 580.08
1 416.18 572.99 436.18 594.99
1 440.23 566.53 460.23 589.53
1 686.42 351.0 703.42 365.0
1 706.13 335.64 722.13 353.64
1 670.1 242.2 689.1 259.2
1 563.86 267.37 574.86 279.37
1 553.17 236.0 567.17 252.0
1 543.06 217.51 557.06 230.51
1 346.38 232.11 363.38 249.11
1 215.66 513.43 239.66 537.43
1 226.43 676.33 251.43 686.33
1 479.38 640.54 518.38 663.54
1 580.99 685.44 601.99 701.44
1 613.92 595.56 624.92 620.56
1 536.41 594.5 546.41 608.5
1 625.56 215.8 638.56 236.8
1 760.31 73.38 769.31 85.38
1 836.12 114.1 848.12 131.1
1 955.28 115.64 966.28 133.64
1 973.35 55.15 988.35 66.15
1 1000.57 32.35 1018.57 46.35
1 4.33 421.1 14.33 435.1
1 17.96 380.56 32.96 395.56
1 56.68 367.37 68.68 378.37
1 43.3 425.29 62.3 440.29
1 86.12 446.01 103.12 454.01
1 75.69 422.77 88.69 431.77
1 91.45 383.31 111.45 402.31
1 91.47 355.45 99.47 371.45
1 78.35 314.43 95.35 324.43
1 105.26 329.04 122.26 346.04
1 107.59 347.95 127.59 363.95
1 135.46 422.68 159.46 442.68
1 94.66 422.42 117.66 444.42
1 185.7 347.46 206.7 364.46
1 180.32 460.31 201.32 485.31
1 165.61 387.27 178.61 402.27
1 190.37 382.69 211.37 398.69
1 259.45 367.43 275.45 392.43
1 278.6 395.11 293.6 413.11
1 319.19 377.35 334.19 392.35
1 365.58 339.01 389.58 361.01
1 417.65 422.32 435.65 439.32
1 448.32 408.89 458.32 426.89
1 513.39 364.08 528.39 389.08
1 435.21 287.92 446.21 307.92
1 493.24 273.39 519.24 289.39
1 525.03 74.56 535.03 81.56
1 733.31 225.26 744.31 241.26
1 869.51 175.93 885.51 191.93
1 969.42 138.4 988.42 156.4
1 933.41 195.25 945.41 202.25
1 882.48 232.18 896.48 249.18
1 740.35 306.16 749.35 315.16
1 730.61 260.33 745.61 270.33
1 783.5 257.98 803.5 286.98
1 874.17 300.97 890.17 326.97
1 876.91 271.49 889.91 287.49
1 900.29 270.14 905.29 279.14
1 915.29 254.36 930.29 277.36
1 1011.22 199.35 1022.22 219.35
1 149.39 259.28 164.39 275.28
1 280.21 250.26 288.21 263.26
1 280.21 250.26 288.21 263.26
1 296.65 259.16 315.65 272.16
1 195.18 262.31 213.18 276.31
1 302.36 217.47 319.36 235.47
1 402.01 231.11 417.01 250.11
1 205.22 444.48 216.22 459.48
1 224.66 448.46 243.66 470.46
1 362.24 403.28 379.24 419.28
1 437.29 340.57 452.29 352.57
1 446.41 369.16 463.41 380.16
1 386.66 299.38 401.66 315.38
1 349.35 337.96 360.35 349.96
1 339.64 319.59 364.64 333.59
1 590.02 273.46 605.02 286.46
1 610.5 304.0 624.5 312.0
1 657.26 318.86 675.26 331.86
1 636.95 736.28 653.95 749.28
1 752.33 635.06 769.33 662.06
1 667.42 535.38 687.42 552.38
1 305.47 476.29 324.47 494.29
1 329.05 497.59 347.05 510.59
1 350.33 476.87 363.33 498.87
1 365.49 509.29 377.49 528.29
1 235.49 477.11 251.49 491.11
1 198.41 502.09 215.41 511.09
1 155.44 486.25 175.44 503.25
1 102.34 530.74 123.34 547.74
1 35.3 549.1 46.3 567.1
1 -0.02 574.27 10.98 596.27
1 294.07 294.23 310.07 307.23
1 482.31 343.32 500.31 358.32
1 541.33 326.1 556.33 347.1
1 534.52 442.58 556.52 465.58
1 488.68 420.59 504.68 439.59
1 89.82 597.72 107.82 619.72
1 144.56 569.01 155.56 587.01
1 527.25 637.05 545.25 651.05
1 437.51 683.51 465.51 700.51
1 518.5 684.39 536.5 702.39
1 651.63 631.11 671.63 646.11
1 868.43 896.67 886.43 919.67
1 178.25 189.25 187.25 205.25
1 595.31 382.52 607.31 389.52
1 880.53 372.35 894.53 386.35
1 927.59 371.49 951.59 389.49
1 866.24 348.46 879.24 366.46
1 610.47 778.4 624.47 800.4
1 692.26 666.07 705.26 686.07
1 717.58 632.98 730.58 654.98
1 731.17 575.07 749.17 597.07
1 656.62 569.93 675.62 584.93
1 762.17 523.51 771.17 537.51
1 757.0 446.0 770.0 460.0
1 762.0 561.0 772.0 581.0
1 782.0 598.0 796.0 613.0
1 797.0 624.0 812.0 633.0
1 900.0 690.0 909.0 706.0
1 908.0 726.0 928.0 740.0
1 822.0 517.0 834.0 529.0
1 866.0 461.0 885.0 478.0
1 850.0 450.0 881.0 461.0
1 803.38 448.4 822.38 462.4
1 142.89 778.68 170.89 802.68
1 178.55 623.12 204.55 642.12
1 209.2 575.3 235.2 602.3
1 234.38 618.59 255.38 641.59
1 334.09 543.65 342.09 557.65
1 435.61 496.06 463.61 512.06
1 409.13 495.43 423.13 515.43
1 416.19 468.07 436.19 488.07
1 386.51 444.08 404.51 464.08
1 624.36 375.04 641.36 397.04
1 574.48 321.78 596.48 347.78
1 400.42 363.01 414.42 378.01
1 254.59 331.66 265.59 349.66
1 692.52 418.44 710.52 433.44
1 610.5 463.57 624.5 484.57
1 739.4 425.2 747.4 437.2
1 713.14 411.72 727.14 433.72
1 729.17 383.38 743.17 407.38
1 754.44 354.94 772.44 367.94
1 795.74 367.34 820.74 383.34
1 559.46 394.34 575.46 420.34
1 684.93 282.27 693.93 291.27
1 803.29 389.15 822.29 408.15
1 903.61 424.4 920.61 442.4
1 927.38 468.3 950.38 490.3
1 291.38 670.53 310.38 689.53
1 278.51 597.18 300.51 620.18
1 271.32 560.5 290.32 579.5
1 602.32 361.38 627.32 377.38
1 570.68 554.26 582.68 567.26
1 483.5 557.0 495.5 567.0
1 467.66 574.23 484.66 584.23
1 362.21 594.56 390.21 613.56
1 281.62 650.15 298.62 667.15
1 381.44 648.51 393.44 659.51
1 431.61 615.36 455.61 631.36
1 468.64 449.26 480.64 460.26
1 518.24 424.28 542.24 441.28
1 591.36 400.5 611.36 418.5
1 628.61 322.28 643.61 335.28
1 647.69 302.08 668.69 319.08
1 719.27 321.16 730.27 337.16
1 627.24 428.26 645.24 454.26
1 657.7 462.23 678.7 479.23
1 752.16 402.14 768.16 427.14
1 929.97 439.54 944.97 452.54
1 975.59 453.42 995.59 469.42
1 991.84 429.26 1009.84 440.26
1 542.97 619.94 559.97 635.94
1 563.17 635.36 581.17 650.36
1 598.53 643.19 616.53 666.19
1 461.24 501.48 483.24 514.48
1 519.12 486.31 526.12 495.31
1 540.04 496.53 559.04 507.53
1 586.55 535.39 600.55 551.39
1 646.39 506.76 667.39 530.76
1 617.59 520.3 630.59 533.3
1 873.39 551.24 896.39 566.24
1 976.59 519.68 987.59 537.68
1 972.46 547.31 990.46 570.31
1 985.53 565.49 1002.53 581.49
1 996.21 490.21 1005.21 507.21
1 914.16 494.27 930.16 516.27
1 902.3 516.95 915.3 529.95
1 774.73 498.57 790.73 514.58
1 742.29 512.2 759.29 529.2
1 735.79 545.03 753.79 563.03
1 779.71 565.5 796.71 582.5
1 218.62 382.5 233.62 397.5
1 188.43 659.49 213.43 684.49
1 956.35 632.19 977.35 653.19
1 934.16 525.16 950.16 540.16
1 982.54 660.5 1008.54 687.5
1 955.59 736.21 979.59 765.21
1 837.4 634.2 856.4 647.2
1 827.46 607.42 851.46 627.42
1 840.59 837.47 859.59 853.47
1 911.46 789.87 931.46 804.87
1 986.34 767.55 1007.34 784.55
1 534.03 535.92 553.03 555.92
1 562.57 511.29 573.57 523.29
1 141.4 537.23 157.4 553.23
1 392.96 686.42 417.96 704.42
1 356.26 626.41 373.26 648.41
1 518.1 588.46 530.1 602.46
1 542.16 570.23 554.16 583.23
1 1003.96 544.26 1014.96 557.26
1 355.26 439.16 370.26 454.16
1 301.9 505.13 312.9 520.13
1 6.19 547.67 15.19 561.67
1 73.17 555.55 87.17 572.55
1 402.03 634.23 421.03 655.23
1 432.46 794.47 450.46 820.47
1 847.3 519.09 862.3 534.09
1 960.2 491.8 976.2 502.8
1 969.4 435.22 981.4 447.22
1 1016.41 273.18 1022.41 281.18
1 836.53 684.54 850.53 695.54
1 954.74 798.38 974.74 821.38
1 445.68 632.28 470.68 653.28
1 463.28 415.07 478.28 433.07
1 378.08 552.54 390.08 567.54
1 393.37 523.5 413.37 543.5
1 413.82 554.44 435.82 572.44
1 497.34 545.01 512.34 564.01
1 638.69 564.05 661.69 584.05
1 498.42 704.31 523.42 726.31
1 592.29 707.28 602.29 722.28
1 602.64 680.6 621.64 699.6
1 399.49 667.58 419.49 684.58
1 319.16 646.4 341.16 668.4
1 259.67 679.32 280.67 706.32
1 691.34 630.2 710.34 659.2
1 578.73 760.48 617.73 791.48
1 184.39 768.1 214.39 805.1
1 802.29 740.85 819.29 753.85
1 843.83 726.42 869.83 749.42
1 740.54 474.95 755.54 492.95
1 890.55 672.34 904.55 686.34
1 77.82 806.44 99.82 824.44
1 706.74 794.8 752.74 807.8
1 986.41 505.5 999.41 518.5
1 937.74 672.35 962.74 698.35
1 685.17 225.21 703.17 244.21
1 524.34 728.1 553.34 757.1
1 338.48 725.53 367.48 754.53
1 909.74 594.2 934.74 619.2
1 843.36 499.05 866.36 522.05
1 294.17 185.22 314.17 205.22
1 364.5 235.5 381.5 252.5
1 261.49 421.38 281.49 441.38
1 209.5 595.24 237.5 623.24
1 83.69 721.26 100.69 737.26
