0 736.29 505.61 830.29 571.61
0 610.64 127.34 721.64 195.34
0 713.03 144.35 791.03 210.35
0 684.42 256.51 758.42 307.51
0 900.49 114.18 950.49 195.18
0 892.6 200.89 966.6 249.89
0 891.19 300.48 985.19 363.48
0 893.13 347.33 955.13 387.33
0 612.26 650.88 701.26 747.88
0 665.17 716.68 723.17 752.68
0 714.62 825.98 760.62 853.98
0 636.46 792.84 706.46 837.84
0 471.62 839.9 524.62 903.9
0 912.6 908.28 983.6 982.28
0 479.5 156.98 523.5 227.98
0 721.22 633.09 772.22 684.09
0 917.13 773.37 1012.13 833.37
0 838.69 696.85 897.69 749.85
0 823.35 736.47 902.35 799.47
0 724.15 683.22 828.15 746.22
0 816.09 214.36 860.09 284.36
2 444.38 233.51 509.38 298.51
2 447.19 290.32 517.19 360.32
2 539.55 512.86 620.55 593.86
2 499.92 365.15 582.92 448.15
2 358.6 14.5 413.6 69.5
2 764.37 59.25 866.37 162.25
2 679.28 397.23 758.28 476.23
2 739.31 380.5 810.31 451.5
2 661.16 523.01 731.16 593.01
2 758.67 554.48 829.67 625.48
2 900.51 524.09 998.51 621.09
2 688.08 886.0 764.08 962.0
2 842.1 831.36 930.1 919.36
2 605.53 722.18 665.53 783.18
2 725.04 280.24 786.04 341.24
2 771.39 205.18 834.39 268.18
2 918.23 268.12 963.23 313.12
2 419.24 506.22 497.24 555.22
2 331.31 453.23 383.31 524.23
2 503.95 596.05 558.95 684.05
2 833.26 412.2 885.26 492.2
2 951.41 446.67 1003.41 518.67
2 770.11 703.79 825.11 738.79
2 946.23 68.19 1006.23 105.19
2 535.45 143.5 659.45 204.5
1 533.12 90.25 563.12 127.25
1 292.34 541.11 310.34 564.11
1 365.64 891.35 398.64 931.35
1 545.35 835.45 564.35 859.45
1 660.68 819.98 684.68 848.98
1 856.76 805.18 876.76 829.18
1 889.77 908.47 919.77 943.47
1 629.05 490.09 650.05 514.09
1 753.48 804.98 769.48 822.98
1 806.08 939.54 818.08 953.54
1 578.34 744.1 591.34 757.1
