0 672.43 221.03 716.43 278.03
0 722.3 282.22 767.3 332.22
0 693.22 139.38 754.22 166.38
0 804.52 201.02 831.52 239.02
0 867.51 179.45 911.51 208.45
0 865.46 226.03 892.46 246.03
0 859.86 119.31 897.86 150.31
0 819.12 134.15 852.12 157.15
0 824.38 96.41 856.38 119.41
0 899.31 119.23 916.31 145.23
0 648.35 193.08 667.35 233.08
0 563.27 223.5 601.27 251.5
0 697.45 357.17 747.45 394.17
0 786.35 299.27 820.35 318.27
0 827.25 276.43 852.25 301.43
0 505.4 225.37 529.4 249.37
0 610.26 344.22 635.26 372.22
0 423.43 402.24 464.43 447.24
0 459.15 307.21 492.15 345.21
0 328.18 195.16 378.18 245.16
0 459.52 256.23 489.52 288.23
0 553.64 328.21 592.64 379.21
0 580.68 413.38 609.68 439.38
0 531.27 394.18 566.27 438.18
0 492.68 423.02 514.68 451.02
0 480.51 357.19 511.51 387.19
0 447.61 352.03 483.61 397.03
0 340.45 384.37 382.45 420.37
0 277.46 415.05 316.46 451.05
0 420.68 286.13 448.68 313.13
0 529.65 325.22 548.65 351.22
0 526.57 177.99 555.57 198.99
0 452.41 184.01 467.41 213.01
0 527.1 473.23 551.1 512.23
0 465.42 557.55 498.42 600.55
0 557.43 596.32 582.43 624.32
0 406.09 493.02 462.09 533.02
0 359.56 507.33 393.56 530.33
0 290.58 507.28 334.58 537.28
0 313.1 620.31 347.1 670.31
0 368.4 450.57 394.4 488.57
0 449.71 455.45 475.71 484.45
0 483.54 535.22 520.54 565.22
0 313.11 325.18 354.11 376.18
0 431.67 650.28 482.67 674.28
0 279.71 751.36 344.71 798.36
0 364.15 854.97 413.15 896.97
0 496.4 797.19 558.4 858.19
0 278.15 956.99 332.15 991.99
0 399.21 960.99 433.21 991.99
0 302.15 51.43 352.15 118.43
0 206.34 233.52 250.34 280.52
0 243.37 309.2 293.37 345.2
0 239.39 190.21 271.39 219.21
0 607.4 574.0 660.4 611.0
0 549.18 890.05 586.18 931.05
0 390.24 768.88 424.24 802.88
0 217.49 572.1 259.49 618.1
0 792.27 400.01 837.27 432.01
0 759.47 478.57 783.47 510.57
0 792.35 661.18 813.35 693.18
0 580.52 496.49 630.52 532.49
0 609.1 455.29 660.1 492.29
0 648.34 841.95 672.34 871.95
0 867.62 684.5 899.62 713.5
0 934.7 146.41 975.7 176.41
0 800.46 460.42 830.46 496.42
0 208.08 76.24 241.08 101.24
0 286.72 194.08 316.72 235.08
0 868.31 390.45 895.31 426.45
0 525.41 944.33 565.41 982.33
0 939.11 887.02 965.11 917.02
0 363.26 130.41 404.26 174.41
0 424.58 39.21 465.58 96.21
0 368.35 47.98 415.35 81.98
0 409.69 98.28 440.69 124.28
0 567.17 59.11 596.17 100.11
0 548.29 43.28 613.29 117.28
0 486.4 110.33 532.4 158.33
0 530.44 268.26 564.44 307.26
0 441.72 740.97 484.72 770.97
0 452.45 948.61 471.45 975.61
2 416.6 795.99 461.6 840.99
2 450.65 762.0 488.65 800.0
2 192.64 322.06 262.64 392.06
2 296.72 132.06 329.72 165.06
2 242.18 6.99 280.18 44.99
2 445.19 115.06 475.19 146.06
2 401.69 216.52 431.69 248.52
2 379.26 307.54 415.26 339.54
2 381.69 336.96 417.69 369.96
2 851.15 435.68 889.15 473.68
2 849.48 511.13 888.48 549.13
2 613.46 624.27 656.46 663.27
2 498.42 593.5 565.42 657.5
2 492.41 703.23 528.41 738.23
2 518.55 774.03 552.55 805.03
2 462.26 714.31 511.26 760.31
2 679.58 793.52 722.58 835.52
2 688.42 835.28 745.42 890.28
2 796.54 885.29 832.54 920.29
2 720.53 965.35 746.53 992.35
2 686.78 427.3 716.78 457.3
2 629.39 134.96 678.39 179.96
2 906.12 33.24 947.12 74.25
2 948.38 522.55 990.38 566.55
2 736.79 684.48 765.79 713.48
2 346.38 539.27 427.38 623.27
2 388.99 564.45 408.99 592.45
2 308.81 584.01 356.81 614.01
2 223.66 649.38 256.66 669.38
2 177.76 407.55 207.76 455.55
2 346.62 413.22 372.62 461.22
2 942.69 231.74 964.69 264.74
2 966.63 160.4 984.63 185.4
2 731.55 200.38 772.55 222.38
2 615.9 325.28 661.9 348.28
2 623.27 378.54 669.27 403.54
2 184.53 509.71 209.53 550.71
2 498.8 662.26 522.8 693.26
2 588.24 823.98 624.24 850.98
2 623.21 986.41 653.21 1010.41
2 597.6 933.56 629.6 969.56
2 626.11 930.12 652.11 965.12
2 656.55 757.02 688.55 803.02
2 800.72 853.51 841.72 879.51
2 770.08 834.16 794.08 868.16
2 873.17 801.17 898.17 829.17
2 699.14 719.07 727.14 755.07
2 697.46 629.73 715.46 653.73
2 782.36 628.62 801.36 653.62
2 729.25 514.66 748.25 533.66
2 873.76 499.49 910.76 522.49
2 903.19 463.15 926.19 490.15
2 944.42 459.26 965.42 477.26
2 964.21 422.43 990.21 452.43
2 975.66 398.26 1007.66 420.26
2 887.34 308.59 910.34 337.59
2 971.42 289.2 1008.42 326.2
2 859.49 358.22 887.49 387.22
2 199.5 864.5 249.5 914.5
2 753.61 531.02 810.61 588.02
2 560.67 674.02 602.67 711.02
2 955.39 270.05 984.39 299.05
2 717.07 -1.69 763.07 26.31
2 731.07 81.0 776.07 121.0
2 731.07 81.0 776.07 121.0
2 754.77 762.96 787.77 786.96
2 252.69 167.63 275.69 194.63
2 255.25 115.62 279.25 153.62
2 316.7 -3.23 389.7 45.77
2 451.32 159.25 481.32 185.25
2 397.35 245.39 438.35 270.39
2 322.29 269.33 345.29 312.33
2 389.4 287.49 427.4 326.49
2 992.63 680.12 1024.63 713.12
2 936.12 750.08 952.12 770.08
2 896.07 644.44 946.07 694.44
2 399.62 898.99 460.62 953.99
2 382.72 848.42 408.72 867.42
2 481.28 971.44 512.28 993.44
2 492.11 939.19 536.11 983.19
2 645.68 962.31 671.68 988.31
2 812.31 717.23 844.31 749.23
2 717.74 558.5 743.74 584.5
2 611.37 811.08 640.37 841.08
2 615.13 494.52 664.13 543.52
2 574.2 739.41 622.2 787.41
2 307.34 698.03 322.34 713.03
1 364.35 808.99 380.35 823.99
1 345.39 903.2 363.39 920.2
1 154.24 491.0 182.24 519.0
1 137.5 392.27 161.5 416.27
1 160.61 29.34 175.61 44.34
1 141.5 88.57 154.5 101.57
1 205.38 134.36 227.38 156.36
1 308.61 107.52 325.61 125.52
1 622.18 76.25 635.18 89.25
1 713.47 70.18 727.47 83.18
1 776.4 73.97 796.4 93.97
1 829.74 58.7 841.74 75.7
1 859.52 57.95 874.52 80.95
1 928.4 90.48 953.4 109.48
1 985.27 118.94 999.27 133.94
1 986.98 7.57 1002.98 32.57
1 942.85 27.24 965.85 55.24
1 905.96 259.49 919.96 275.49
1 947.49 208.16 974.49 225.16
1 999.49 224.22 1012.49 243.22
1 861.4 272.27 876.4 296.27
1 733.12 218.98 744.12 235.98
1 756.66 176.43 784.66 200.43
1 779.12 364.95 810.12 384.95
1 802.59 381.35 822.59 395.35
1 820.73 339.48 851.73 370.48
1 662.72 539.52 691.72 568.52
1 731.48 405.52 752.48 426.52
1 887.55 618.05 907.55 638.05
1 862.5 638.56 878.5 655.56
1 906.66 560.18 933.66 587.18
1 914.38 599.5 935.38 620.5
1 446.19 607.47 480.19 641.47
1 561.57 512.5 574.57 525.5
1 425.18 546.5 445.18 566.5
1 907.21 726.99 931.21 750.99
1 940.72 706.03 961.72 727.03
1 972.71 708.5 997.71 733.5
1 999.73 745.0 1024.73 770.0
1 991.71 763.5 1016.71 788.5
1 852.21 771.5 875.21 794.5
1 891.71 767.49 912.71 788.49
1 808.72 765.97 829.72 786.97
1 699.57 769.0 716.57 786.0
1 728.13 792.0 743.13 808.0
1 779.5 697.4 795.5 720.4
1 723.87 706.5 733.87 716.5
1 836.32 711.13 846.32 721.13
1 827.3 740.23 839.3 752.23
1 778.09 769.18 795.09 786.18
1 684.39 674.67 700.39 690.67
1 655.18 671.0 668.18 685.0
1 626.65 720.85 643.65 740.85
1 713.23 673.04 731.23 683.04
1 523.33 611.52 550.33 631.52
1 555.16 632.11 572.16 648.11
1 553.5 691.0 571.5 709.0
1 583.31 671.14 599.31 685.14
1 350.13 673.16 410.13 703.16
1 441.38 539.21 450.38 545.21
1 252.5 476.18 285.5 497.18
1 192.72 177.35 206.72 186.35
1 183.44 96.51 193.44 107.51
1 216.76 -0.26 229.76 5.74
1 485.52 19.11 505.52 33.11
1 671.28 24.06 690.28 40.06
1 628.58 44.47 656.58 70.47
1 729.89 63.04 744.89 78.04
1 810.82 5.51 824.82 19.51
1 832.77 5.98 865.77 35.98
1 870.31 9.32 900.31 38.32
1 763.61 229.01 782.61 246.01
1 944.41 381.08 959.41 397.08
1 948.57 401.17 964.57 416.17
1 959.5 353.4 971.5 363.4
1 973.59 348.12 988.59 364.12
1 929.59 354.45 947.59 371.45
1 946.18 345.33 959.18 357.33
1 948.16 361.85 959.16 371.85
1 902.6 361.08 928.6 384.08
1 1010.15 325.84 1025.15 342.84
1 1008.57 403.29 1021.57 416.29
1 991.5 557.01 1011.5 580.01
1 991.18 474.25 1007.18 490.25
1 923.35 503.48 945.35 526.48
1 966.51 603.94 988.51 625.94
1 967.41 636.17 988.41 657.17
1 940.57 664.51 955.57 680.51
1 925.27 676.14 938.27 691.14
1 968.73 809.35 993.73 832.35
1 939.68 818.38 958.68 839.38
1 929.36 872.29 943.36 886.29
1 1006.44 879.72 1025.44 905.72
1 1014.14 926.11 1025.14 941.11
1 996.41 978.16 1010.41 995.16
1 990.4 959.4 1011.4 979.4
1 954.35 990.97 975.35 1010.97
1 904.38 964.13 918.38 978.13
1 828.98 983.45 845.98 999.45
1 820.69 957.35 838.69 975.35
1 862.65 951.36 888.65 975.36
1 877.22 904.4 899.22 926.4
1 800.67 996.51 823.67 1019.51
1 789.2 976.25 806.2 994.25
1 765.21 907.0 797.21 936.0
1 743.48 990.31 773.48 1016.31
1 706.26 1000.24 726.26 1021.24
1 680.19 899.0 703.19 925.0
1 572.98 972.52 615.98 1013.52
1 507.14 885.3 526.14 905.3
1 544.42 881.51 562.42 897.51
1 543.5 811.15 577.5 848.15
1 601.27 858.58 622.27 878.58
1 847.8 681.12 861.8 697.12
1 786.18 805.03 805.18 825.03
1 835.48 899.02 853.48 915.02
1 746.15 633.32 765.15 651.32
1 828.14 532.0 844.14 547.0
1 805.6 490.56 835.6 518.57
1 803.35 520.49 819.35 537.49
1 717.46 441.25 745.46 471.25
1 359.19 180.31 380.19 199.31
1 389.67 204.95 407.67 223.95
1 437.53 215.05 448.53 226.05
1 348.28 257.15 363.28 273.15
1 343.94 291.34 366.94 312.34
1 495.02 173.41 519.02 196.41
1 598.26 174.02 623.26 196.02
1 486.48 142.2 498.48 153.2
