0 359.18 369.94 396.18 415.94
0 251.53 228.19 282.53 281.19
0 361.62 -3.16 420.62 59.84
0 4.56 437.83 39.56 472.83
0 71.1 534.42 108.1 569.42
0 156.56 568.33 187.56 589.33
0 640.3 145.14 695.3 193.14
0 428.71 227.04 447.71 254.04
0 242.44 105.31 268.44 153.31
0 301.14 508.29 323.14 535.29
0 210.62 626.92 265.62 701.92
0 39.5 614.37 111.5 664.37
0 131.14 823.44 165.14 859.44
0 117.64 775.01 146.64 806.01
0 849.33 379.95 886.33 427.95
0 897.79 236.57 926.79 266.57
0 556.51 513.52 591.51 537.52
0 516.51 653.1 538.51 699.1
0 559.19 737.13 646.19 791.13
0 287.94 680.17 339.94 763.17
0 629.13 619.21 660.13 667.21
0 625.09 358.23 673.09 412.23
0 283.62 278.38 327.62 326.38
0 907.54 929.3 942.54 1005.3
0 645.71 879.07 720.71 941.07
0 746.71 722.4 781.71 749.4
0 364.03 936.04 408.03 982.04
0 297.73 901.27 322.73 933.27
0 258.33 988.74 304.33 1026.74
0 117.66 845.13 188.66 890.13
0 204.1 884.18 250.1 946.18
0 957.45 334.42 995.45 388.42
0 705.43 17.43 765.43 71.43
0 128.35 154.73 151.35 175.73
0 -1.09 539.73 18.91 584.73
0 671.19 117.12 712.19 140.12
0 449.15 811.29 463.15 834.29
0 382.09 493.98 422.09 538.98
0 775.54 909.11 804.54 933.11
0 167.47 756.06 189.47 780.06
0 803.0 85.47 835.0 120.47
0 886.73 917.86 909.73 935.86
0 584.77 58.35 606.77 80.35
0 867.38 178.38 896.38 224.38
0 731.24 471.63 762.24 517.63
0 431.58 999.27 452.58 1019.27
0 499.36 141.02 517.36 169.02
0 145.23 395.55 157.23 408.55
0 145.97 587.86 180.97 632.86
2 118.8 43.5 134.8 59.5
2 144.6 47.35 169.6 72.35
2 323.77 201.49 360.77 238.49
2 281.73 230.31 307.73 257.31
2 307.6 264.36 338.6 296.36
2 357.32 77.88 367.32 87.88
2 544.16 246.08 574.16 276.08
2 651.69 255.3 677.69 282.3
2 854.5 267.04 877.5 290.04
2 252.71 553.49 277.71 578.49
2 289.71 563.53 317.71 591.53
2 170.13 649.8 207.13 686.8
2 88.32 581.1 107.32 601.1
2 388.55 468.09 409.55 489.09
2 283.33 441.26 306.33 464.26
2 717.32 533.4 735.32 552.4
2 815.39 700.45 864.39 749.45
2 904.52 683.7 934.52 713.7
2 811.24 759.01 854.24 801.01
2 686.46 949.3 704.46 968.3
2 720.61 932.21 755.61 966.21
2 397.67 691.5 458.67 752.5
2 78.24 877.05 131.24 931.05
2 89.01 708.75 110.01 729.75
2 485.69 531.5 518.69 564.5
2 577.45 500.17 633.45 557.17
2 521.2 491.66 543.2 513.66
2 958.55 184.87 976.55 202.87
2 587.35 143.41 606.35 163.41
2 107.53 104.42 156.53 151.43
2 98.98 178.35 125.98 217.35
2 443.21 86.59 478.21 131.59
2 505.38 79.15 539.38 115.15
2 619.74 101.5 649.74 135.5
2 639.67 79.64 664.67 108.64
2 925.08 7.07 956.08 44.07
2 699.4 428.29 733.4 476.29
2 541.3 171.84 593.3 240.84
2 421.3 531.26 451.3 568.26
2 537.76 606.02 577.76 649.02
2 447.65 754.33 468.65 780.33
2 34.29 370.37 98.29 427.37
2 408.04 856.5 444.04 893.5
2 512.51 720.15 546.51 755.15
1 44.57 32.27 58.57 47.27
1 360.53 103.96 373.53 116.96
1 385.39 91.14 402.39 108.14
1 162.65 152.16 188.65 179.16
1 257.42 370.19 272.42 385.19
1 412.54 196.0 430.54 214.0
1 307.12 70.09 320.12 84.09
1 743.55 134.57 762.55 158.57
1 780.24 74.26 795.24 95.26
1 870.53 26.27 879.53 38.27
1 876.15 71.57 888.15 86.57
1 977.19 147.07 994.19 165.07
1 717.21 298.5 731.21 314.5
1 518.1 339.44 529.1 350.44
1 528.28 382.31 542.28 396.31
1 349.5 255.5 366.5 272.5
1 360.4 271.57 373.4 283.57
1 53.46 206.34 71.46 224.34
1 98.55 465.08 117.55 483.08
1 273.72 646.08 294.72 667.08
1 313.38 636.22 325.38 647.22
1 319.39 654.49 336.39 671.49
1 415.74 644.14 433.74 661.14
1 461.46 654.61 475.46 668.61
1 490.62 591.45 502.62 603.45
1 671.76 534.33 687.76 550.33
1 693.51 629.17 708.51 644.17
1 554.43 685.45 567.43 698.45
1 262.31 781.12 276.31 794.12
1 40.52 794.38 57.52 810.38
1 266.57 880.37 283.57 896.37
1 356.64 585.28 370.64 612.28
1 535.53 831.12 559.53 857.12
1 424.02 936.19 441.02 955.19
1 339.41 727.06 358.41 749.06
1 678.3 753.88 694.3 778.88
1 728.71 750.13 751.71 784.13
1 707.2 860.18 728.2 882.18
1 765.13 874.41 782.13 892.41
1 594.39 996.27 612.39 1013.27
1 616.62 911.9 633.62 928.9
1 607.32 840.43 626.32 859.43
1 914.59 775.5 934.59 794.5
1 954.33 913.18 969.33 928.18
1 805.75 628.08 822.75 645.08
1 732.05 600.06 747.05 614.06
1 988.41 622.61 1009.41 643.61
1 983.3 681.44 999.3 698.44
1 953.36 548.13 966.36 562.13
1 865.35 888.98 882.35 905.98
1 925.24 180.57 943.24 198.57
1 372.26 472.26 382.26 482.26
1 540.19 421.21 548.19 429.21
1 905.36 553.33 923.36 576.33
1 491.4 832.55 503.4 844.55
1 186.33 528.39 195.33 538.39
1 264.5 944.0 272.5 950.0
1 504.91 502.94 517.91 524.94
1 133.35 756.29 152.35 774.29
1 554.37 824.23 575.37 845.23
1 429.18 518.21 447.18 535.21
1 666.2 687.06 687.2 726.06
1 46.62 763.57 61.62 789.57
