0 169.13 258.02 259.13 342.02
0 163.57 386.55 214.57 446.55
0 289.13 412.93 351.13 480.93
0 488.18 224.38 605.18 328.38
0 636.34 276.04 730.34 418.04
0 508.36 49.01 570.36 127.01
0 599.41 33.3 677.41 96.3
0 908.65 430.68 1026.65 524.68
0 855.29 527.86 1027.29 670.86
0 117.33 755.37 221.33 865.37
0 249.21 591.77 440.21 705.77
0 498.62 572.0 575.62 654.0
0 853.61 208.98 950.61 292.98
0 699.37 204.51 747.37 270.51
0 397.63 699.32 484.63 763.32
0 344.39 903.98 388.39 947.98
2 882.31 833.9 910.31 968.9
2 474.42 846.04 510.42 901.04
2 185.32 539.32 217.32 664.32
2 255.56 874.79 288.56 1027.79
2 29.71 801.85 58.71 830.85
2 834.29 67.99 897.29 131.99
2 296.44 71.44 344.44 119.44
2 340.47 94.0 380.47 134.0
2 342.59 -2.56 405.59 35.44
1 312.2 35.1 334.2 52.1
1 393.24 197.87 423.24 216.87
1 600.16 153.68 634.16 191.68
1 736.47 128.39 768.47 166.39
1 611.68 470.5 658.68 499.5
1 714.21 674.25 738.21 693.25
1 848.42 745.48 877.42 772.48
1 618.57 650.22 634.57 675.22
1 734.37 758.47 759.37 778.47
1 558.5 820.86 578.5 848.86
1 694.74 868.49 727.74 889.49
1 942.62 740.49 976.62 765.49
1 1000.73 788.7 1025.73 819.7
1 599.57 989.41 629.57 1011.41
1 435.27 862.01 456.27 898.01
1 378.47 797.59 396.47 822.59
1 324.65 781.35 355.65 817.35
1 123.37 945.99 152.37 975.99
1 200.53 918.15 220.53 947.15
1 60.27 551.56 75.27 574.56
1 412.29 468.0 441.29 485.0
1 780.1 332.34 797.1 346.34
1 816.63 384.36 835.63 396.36
1 380.21 152.44 398.21 174.44
1 29.5 65.05 57.5 86.05
1 836.13 873.46 856.13 904.46
1 639.44 795.35 659.44 818.35
1 590.63 915.34 607.63 943.34
