0 229.12 42.55 273.12 113.55
0 195.61 236.52 251.61 271.52
0 185.7 464.92 221.7 535.92
0 1151.22 797.24 1212.22 889.24
0 1398.13 850.08 1507.13 907.08
0 13.25 981.78 112.25 1102.78
0 742.38 956.27 834.38 1021.27
0 1633.38 993.21 1691.38 1079.21
0 1380.65 1063.19 1460.65 1107.19
0 719.26 1105.31 816.26 1177.31
0 446.74 1150.38 568.74 1224.38
0 290.09 1093.44 328.09 1160.44
0 135.54 1194.46 281.54 1353.46
0 891.09 1265.01 1068.09 1361.01
0 1205.64 1199.0 1308.64 1256.0
0 1562.13 1222.49 1666.13 1286.49
0 1857.58 1353.99 1943.58 1454.99
0 1924.03 1458.99 2036.03 1604.99
0 1685.14 1541.53 1825.14 1624.53
0 1582.56 1650.96 1684.56 1772.96
0 1554.12 1343.01 1665.12 1403.01
0 1490.05 1411.99 1588.05 1540.99
0 1341.03 1327.49 1416.03 1457.49
0 1232.62 1368.96 1323.62 1421.96
0 1079.65 1401.53 1161.65 1446.53
0 1016.62 1466.06 1119.62 1550.06
0 735.03 1531.5 813.03 1670.5
0 451.61 1465.49 571.61 1544.49
0 513.54 1873.5 569.54 1970.5
0 671.57 714.93 720.57 794.93
2 316.53 91.01 430.53 207.01
2 529.65 168.52 592.65 231.52
2 898.16 234.47 956.16 294.47
2 1019.7 222.01 1089.7 292.01
2 630.55 470.53 710.55 550.53
2 535.17 576.48 596.17 636.48
2 1564.62 704.02 1633.62 773.02
2 1798.14 673.47 1859.14 734.47
2 1816.56 508.01 1867.56 561.01
2 1625.07 609.0 1675.07 661.0
2 412.09 920.98 539.09 1050.98
2 315.12 966.01 372.12 1024.01
2 95.07 1385.99 217.07 1506.99
2 688.58 1408.98 778.58 1498.98
2 1959.61 1237.01 2033.61 1314.01
2 1165.54 1543.98 1276.54 1654.98
2 325.56 1611.49 484.56 1770.49
2 319.66 561.51 391.66 633.51
2 1458.64 634.55 1529.64 707.55
2 54.93 1462.16 202.93 1659.16
2 254.24 1217.06 349.24 1289.06
2 529.07 1285.12 584.07 1359.12
2 770.67 1162.55 864.67 1217.55
2 1038.02 952.1 1113.02 1056.1
2 1361.19 1252.54 1468.19 1322.54
2 1405.7 1486.03 1537.7 1584.03
2 1516.67 1060.03 1639.67 1146.03
2 1781.23 1312.56 1879.23 1376.56
2 1898.26 896.04 1984.26 950.04
2 1297.03 1039.68 1340.03 1103.68
2 6.54 667.11 74.54 759.11
2 1483.21 543.05 1520.21 580.05
2 114.58 43.03 182.58 105.03
2 793.14 877.02 833.14 936.02
2 712.57 1209.49 865.57 1362.49
1 803.18 1353.98 871.18 1421.98
1 1741.14 1230.0 1802.14 1291.0
1 1040.65 1099.5 1110.65 1169.5
1 1288.66 939.51 1357.66 1008.51
1 1189.58 987.5 1279.58 1077.5
1 1857.63 1084.01 1919.63 1146.01
1 1901.04 992.49 1951.04 1042.49
1 1691.59 881.99 1779.59 969.99
1 890.64 1109.97 948.64 1167.97
1 935.64 1027.5 1014.64 1106.5
1 693.57 1048.0 773.57 1128.0
1 65.55 817.5 147.55 899.5
1 164.24 694.0 229.24 759.0
1 74.1 727.0 142.1 795.0
1 293.57 726.01 393.57 826.01
1 852.07 752.0 906.07 806.0
1 909.64 722.49 977.64 790.49
1 831.61 647.5 887.61 703.5
1 734.6 589.5 828.6 683.5
1 899.03 835.0 946.03 882.0
1 834.54 902.5 881.54 949.5
1 1189.51 833.0 1303.51 947.0
1 1360.52 813.5 1408.52 861.5
1 1825.13 760.52 1874.13 809.52
1 1890.0 761.0 1938.0 809.0
1 1921.12 626.0 1973.12 677.0
1 1752.6 644.5 1829.6 721.5
1 1756.58 559.96 1807.58 610.96
1 1983.12 453.47 2034.12 504.47
1 1650.6 384.96 1730.6 464.96
1 1369.16 362.99 1436.16 429.99
1 1180.19 280.55 1241.19 341.55
1 1090.13 285.0 1154.13 349.0
1 904.71 342.5 970.71 408.5
1 669.54 338.5 716.54 385.5
1 688.67 390.51 748.67 450.51
1 420.11 593.01 474.11 647.01
1 494.63 437.98 552.63 495.98
1 469.2 373.51 527.2 431.51
1 396.06 288.46 480.06 372.46
1 303.7 472.03 374.7 543.03
1 168.18 348.48 237.18 417.48
1 25.2 604.57 92.2 671.57
1 0.13 446.98 57.13 504.98
1 109.65 234.5 172.65 297.5
1 381.15 63.52 444.15 126.52
1 627.59 104.5 683.59 160.5
1 688.13 138.0 752.13 202.0
1 792.62 135.99 863.62 206.99
1 941.58 123.0 1026.58 208.0
1 816.12 237.5 870.12 291.5
1 1080.15 74.0 1140.15 134.0
1 1216.11 52.5 1274.11 110.5
1 1315.57 46.97 1396.57 127.97
1 1272.69 188.49 1337.69 253.49
1 1333.66 188.02 1405.66 260.02
1 1520.58 83.98 1575.58 138.99
1 1640.16 53.5 1702.16 115.5
1 1822.17 46.54 1889.17 113.54
1 1976.61 76.5 2025.61 125.5
1 1669.14 168.0 1730.14 229.0
1 1584.65 196.05 1646.65 258.05
1 1514.08 278.5 1567.08 331.5
1 1575.22 308.0 1644.22 377.0
1 1638.18 291.48 1707.18 360.48
1 1768.21 243.0 1838.21 313.0
1 1963.13 291.0 2027.13 355.0
1 905.24 970.0 970.24 1035.0
