0 461.54 365.49 550.54 510.49
0 231.1 264.93 299.1 324.93
0 155.15 232.42 225.15 281.42
0 523.6 530.0 592.6 626.0
0 535.62 475.0 572.62 511.0
0 852.62 780.52 967.62 859.52
0 775.61 883.51 832.61 918.51
0 725.7 496.03 788.7 536.03
0 717.61 592.55 749.61 632.55
1 681.13 624.99 739.13 680.99
1 381.59 212.46 430.59 259.46
2 73.69 381.04 98.69 405.04
2 65.67 187.01 100.67 221.01
2 195.21 112.49 215.21 133.49
2 228.71 203.01 255.71 229.01
2 193.7 196.0 218.7 220.0
2 392.13 469.02 426.13 505.02
2 363.68 378.99 382.68 396.99
2 326.24 407.49 352.24 434.49
2 315.67 469.45 350.67 506.45
2 443.15 370.95 461.15 388.95
2 638.7 467.5 665.7 496.5
2 373.23 602.47 403.23 633.47
2 417.63 518.54 454.63 553.54
2 347.12 644.03 385.12 684.03
2 351.69 732.0 382.69 762.0
2 705.07 838.5 755.07 887.5
2 791.19 783.5 809.19 802.5
2 848.22 710.04 876.22 738.04
2 891.73 367.45 922.73 398.45
2 293.15 868.51 333.15 907.51
2 271.69 929.48 302.69 962.48
2 391.69 916.0 422.69 946.0
2 746.72 959.03 772.72 985.03
2 794.17 551.49 812.17 570.49
2 0.58 374.56 39.58 415.56
2 223.59 333.67 238.59 362.67
2 140.2 864.98 160.2 872.98
2 620.63 162.85 638.63 183.85
2 589.21 164.58 611.21 185.58
2 387.63 121.35 405.63 145.35
2 181.62 354.01 195.62 365.01
