0 611.54 443.5 720.54 536.5
0 764.55 356.48 843.55 467.48
0 825.11 139.99 965.11 231.99
0 700.62 242.48 755.62 285.48
0 189.15 647.46 261.14 698.46
0 270.1 824.02 318.1 900.02
0 336.19 749.0 454.19 785.0
0 802.13 602.5 914.13 661.5
0 363.08 575.49 405.08 652.49
0 381.71 488.01 432.71 516.01
0 687.64 703.97 782.64 755.97
0 674.69 681.48 707.69 712.48
0 501.67 803.97 568.67 839.97
2 2.05 171.0 190.05 335.0
2 292.66 315.0 327.66 355.0
2 135.7 391.5 212.7 456.5
2 222.69 186.98 251.69 220.98
2 407.61 612.54 492.61 685.54
2 782.58 689.99 887.58 779.99
2 425.19 455.53 453.19 488.53
2 322.66 925.47 383.66 998.47
2 945.23 683.52 969.23 712.52
2 663.63 862.06 675.63 875.06
2 869.22 783.92 892.22 804.92
2 634.65 604.04 681.65 643.04
2 713.65 341.99 748.65 379.99
2 354.68 458.65 377.68 483.65
2 114.2 245.49 150.2 278.49
2 87.1 749.51 129.1 792.51
2 141.09 727.04 159.09 745.04
2 215.09 544.96 233.09 562.96
2 189.06 474.03 203.06 488.03
2 84.09 507.97 102.09 525.97
2 5.64 819.47 24.64 838.47
1 467.26 181.0 493.26 207.0
1 275.73 162.49 306.73 193.49
1 115.69 31.5 152.69 68.5
1 749.69 188.5 782.69 221.5
1 636.69 319.49 655.69 338.49
1 675.21 282.0 695.21 302.0
1 905.71 347.51 926.71 368.51
1 903.74 411.5 932.74 440.5
1 957.73 493.5 984.73 520.5
1 891.09 504.96 909.09 522.96
1 722.25 571.02 750.25 599.02
1 749.71 635.5 778.71 664.5
1 513.23 675.99 543.23 705.99
1 311.15 647.01 353.15 689.01
1 368.71 857.5 393.71 882.5
1 356.71 795.49 381.71 820.49
1 689.71 941.5 718.71 970.5
1 601.5 783.5 650.5 832.5
1 165.69 533.49 198.69 566.49
1 510.21 493.0 534.21 517.0
1 815.2 489.02 841.2 515.02
1 940.2 726.0 974.2 760.0
1 204.68 805.49 233.68 834.49
1 -1.42 757.51 35.58 802.51
1 58.77 379.5 75.77 396.5
1 58.77 379.5 75.77 396.5
1 153.21 606.01 175.21 628.01
1 534.24 178.0 562.24 206.0
1 984.23 664.01 1014.23 694.01
1 570.77 725.5 587.77 742.5
1 589.23 755.02 619.23 785.02
1 166.5 832.5 217.5 883.5
1 903.21 280.0 923.21 300.0
