0 908.52 65.54 975.52 194.54
0 800.16 167.52 904.16 220.52
0 950.52 181.97 1011.52 301.97
0 636.62 554.0 735.62 630.0
0 595.68 550.02 668.68 602.02
0 46.03 416.01 116.03 514.01
0 -1.15 765.46 56.85 852.46
0 171.12 798.95 231.12 850.95
0 792.19 792.0 862.19 842.0
0 955.65 937.52 1024.65 986.52
0 742.17 486.05 776.17 526.05
0 281.65 617.52 352.65 668.52
0 711.12 315.06 751.12 357.06
2 391.1 194.02 441.1 244.02
2 673.59 724.5 724.59 775.5
2 900.54 585.5 947.54 632.5
2 885.62 515.5 924.62 554.5
2 923.67 314.52 960.67 351.52
2 2.64 353.5 41.64 392.5
2 178.69 158.5 215.69 195.5
2 956.92 -2.64 1026.92 61.36
2 946.62 673.51 1021.62 748.51
2 650.11 176.47 702.11 241.47
2 543.61 198.43 580.61 241.43
2 387.21 377.51 401.21 394.51
2 8.13 179.95 50.13 225.95
2 225.12 954.59 297.12 1023.59
2 963.15 412.03 997.15 442.03
2 458.56 150.86 539.56 244.86
2 125.56 67.73 166.56 114.73
2 149.6 933.3 176.6 964.3
1 592.69 478.5 615.69 501.5
1 774.73 327.54 803.73 358.54
1 756.15 435.54 774.15 454.54
1 409.7 139.0 430.7 161.0
1 297.7 257.49 326.7 288.49
1 125.7 261.45 152.7 290.45
1 67.71 235.0 98.71 267.0
1 98.72 88.0 129.72 120.0
1 113.16 605.53 133.16 626.53
1 172.73 716.02 201.73 744.02
1 586.73 699.47 615.73 730.47
1 627.21 649.51 651.21 674.51
1 673.25 705.51 703.25 736.51
1 746.72 689.03 775.72 719.03
1 827.7 641.51 856.7 672.51
1 834.67 691.5 869.67 728.5
1 491.69 825.48 522.69 858.48
1 454.7 892.0 485.7 922.0
1 469.72 942.5 498.72 973.5
1 469.67 655.5 492.67 680.5
1 454.68 501.02 489.68 537.02
1 288.22 435.49 310.22 456.49
1 322.66 375.49 339.66 392.49
1 363.28 281.01 387.28 305.01
1 256.68 177.02 279.68 201.02
1 311.6 72.5 362.6 121.5
1 590.24 86.01 618.24 114.01
1 738.2 52.49 760.2 75.5
1 584.57 314.46 601.57 331.46
1 833.1 292.96 877.1 334.96
1 517.68 539.97 540.68 561.97
1 560.19 614.49 598.19 651.49
