0 516.0 31.0 640.0 122.0
0 198.0 84.0 264.0 194.0
0 912.0 394.0 984.0 490.0
0 565.05 751.03 633.05 853.03
0 856.03 733.49 918.03 832.49
0 661.18 555.99 773.18 627.99
0 559.68 275.49 630.68 320.49
0 570.66 253.96 591.66 287.96
0 739.58 316.0 768.58 364.0
0 296.12 251.95 340.12 323.95
0 349.63 317.99 394.63 391.99
0 837.12 329.46 865.12 372.46
0 881.66 332.04 900.66 362.04
0 97.57 586.99 216.57 672.99
0 535.22 565.02 579.22 595.02
0 333.13 197.04 359.13 233.04
0 527.26 158.99 561.26 182.99
0 325.68 540.01 384.68 576.01
0 410.62 908.05 453.62 958.05
0 550.2 965.49 630.2 1014.49
0 753.59 925.49 808.59 1012.49
0 226.28 989.66 287.28 1025.66
0 189.74 774.5 232.74 801.5
0 261.61 834.97 320.61 870.97
0 531.71 485.47 580.71 518.47
2 242.57 373.33 263.57 409.33
2 427.18 263.39 459.18 300.39
2 5.15 422.21 31.15 460.21
2 504.24 577.21 545.24 612.21
2 394.3 707.16 407.3 726.16
2 226.68 499.89 259.68 531.89
2 875.11 149.93 921.11 201.93
2 19.24 360.98 41.24 382.98
2 704.69 499.48 737.69 532.48
2 48.21 165.0 80.21 197.0
1 825.71 961.29 850.71 986.29
1 59.21 9.0 95.21 45.0
1 59.21 9.0 95.21 45.0
1 91.73 43.5 118.73 70.5
1 164.06 66.98 218.06 120.98
1 425.73 105.5 452.73 132.5
1 235.15 239.97 253.15 257.97
1 395.71 448.51 420.71 473.51
1 493.73 297.5 520.73 324.5
1 675.72 190.52 704.72 219.52
1 660.23 111.99 690.23 141.99
1 726.65 110.5 749.65 133.5
1 825.73 45.5 852.73 72.5
1 761.75 36.5 786.75 61.5
1 740.17 30.0 760.17 50.0
1 995.21 45.0 1025.21 79.0
1 968.18 70.0 988.18 90.0
1 805.2 489.0 839.2 523.0
1 758.19 467.02 788.19 497.02
1 669.21 454.01 691.21 476.01
1 618.71 439.5 643.71 464.5
1 620.68 379.51 635.68 394.51
1 516.57 453.48 529.57 466.48
1 245.73 575.5 268.73 598.5
1 34.17 728.0 54.17 748.0
1 63.71 780.51 88.71 805.51
1 95.69 769.49 118.69 792.49
1 148.56 744.49 163.56 759.49
1 476.21 815.0 500.21 839.0
1 648.74 726.5 677.74 755.5
1 798.62 639.5 843.62 684.5
1 850.2 592.0 884.2 626.0
1 978.15 585.03 996.15 603.03
1 804.74 818.5 833.74 847.5
1 752.67 841.49 773.67 862.49
1 965.73 968.5 992.73 995.5
1 881.73 989.49 912.73 1020.49
1 338.67 835.49 375.67 872.49
1 220.73 875.5 247.73 902.5
1 205.16 816.02 223.16 834.02
1 448.24 246.0 476.24 274.0
1 521.05 386.01 567.05 432.01
1 933.23 214.98 963.23 244.98
1 986.69 231.52 1023.69 268.52
1 989.71 167.5 1018.71 196.5
1 99.64 197.5 118.64 216.5
1 155.75 182.5 180.75 207.5
1 109.6 245.5 126.6 262.5
1 474.65 881.5 497.65 904.5
1 531.69 884.49 550.69 903.49
1 458.19 587.0 486.19 615.0
1 506.71 533.5 531.71 558.5
