0 4.79 442.05 69.79 486.05
0 68.03 204.98 100.03 249.98
0 110.18 386.63 207.18 474.63
0 177.32 737.16 225.32 807.16
0 266.25 805.23 339.25 912.23
0 312.14 596.85 385.14 761.85
0 947.98 226.25 975.98 282.25
0 634.59 27.23 710.59 94.23
0 987.5 373.16 1020.5 419.16
0 512.56 40.48 539.56 69.48
2 117.08 639.27 140.08 665.27
1 623.12 620.28 645.12 637.28
1 668.49 695.74 691.49 728.74
1 814.12 70.17 835.12 86.17
1 887.91 32.65 907.91 51.65
0 4.79 442.05 69.79 486.05
0 68.03 204.98 100.03 249.98
0 110.18 386.63 207.18 474.63
0 177.32 737.16 225.32 807.16
0 266.25 805.23 339.25 912.23
0 312.14 596.85 385.14 761.85
0 947.98 226.25 975.98 282.25
0 634.59 27.23 710.59 94.23
0 987.5 373.16 1020.5 419.16
0 512.56 40.48 539.56 69.48
2 117.08 639.27 140.08 665.27
1 623.12 620.28 645.12 637.28
1 668.49 695.74 691.49 728.74
1 814.12 70.17 835.12 86.17
1 887.91 32.65 907.91 51.65
