0 774.11 44.15 875.11 109.15
0 713.2 349.03 772.2 384.03
0 610.09 345.56 727.09 414.56
0 474.21 404.47 512.21 430.47
0 296.31 470.09 373.31 522.09
0 316.14 565.15 353.14 627.15
0 429.33 604.48 485.33 638.48
0 76.08 525.12 132.08 567.12
0 266.4 899.92 312.4 926.92
0 221.03 956.29 255.03 977.29
0 801.35 317.29 829.35 363.29
0 494.58 571.85 553.58 606.85
0 435.31 554.59 483.31 589.59
0 589.21 735.58 616.21 775.58
2 114.17 523.24 251.17 686.24
2 794.31 466.43 844.31 519.43
2 480.41 344.27 623.41 481.27
1 423.97 771.72 443.97 796.72
1 312.02 695.45 336.02 738.45
1 88.19 494.29 105.19 522.29
1 17.92 669.23 38.92 684.23
1 991.0 603.56 1009.0 631.56
1 919.31 402.11 939.31 414.11
1 598.33 345.37 620.33 368.37
