0 157.26 266.85 265.26 423.85
0 12.48 260.09 55.48 292.09
0 411.58 337.03 465.58 406.03
0 284.53 239.12 327.53 289.12
0 505.65 231.94 539.65 282.94
0 21.41 918.58 42.41 940.58
0 921.97 720.48 973.97 758.48
0 868.41 699.36 919.41 735.36
0 740.31 662.55 786.31 732.55
0 68.0 655.74 100.0 700.74
0 973.74 874.47 992.74 903.47
2 711.37 242.49 795.37 336.49
2 575.81 545.27 730.81 728.27
2 642.96 285.21 676.96 323.21
1 440.46 211.63 459.46 228.63
1 364.05 82.44 384.05 104.44
0 157.26 266.85 265.26 423.85
0 12.48 260.09 55.48 292.09
0 411.58 337.03 465.58 406.03
0 284.53 239.12 327.53 289.12
0 505.65 231.94 539.65 282.94
0 21.41 918.58 42.41 940.58
0 921.97 720.48 973.97 758.48
0 868.41 699.36 919.41 735.36
0 740.31 662.55 786.31 732.55
0 68.0 655.74 100.0 700.74
0 973.74 874.47 992.74 903.47
2 711.37 242.49 795.37 336.49
2 575.81 545.27 730.81 728.27
2 642.96 285.21 676.96 323.21
1 440.46 211.63 459.46 228.63
1 364.05 82.44 384.05 104.44
