0 441.92 357.02 480.92 429.02
0 372.14 34.86 505.14 98.86
0 566.17 243.96 603.17 322.96
0 976.23 206.08 1010.23 224.08
0 629.85 938.68 648.85 970.68
0 860.66 26.06 881.66 48.06
0 390.21 158.2 420.21 184.2
0 -0.77 702.7 42.23 733.7
0 42.1 948.99 79.1 1006.99
0 -3.68 433.12 36.33 615.12
2 247.44 574.67 302.44 644.67
2 -3.59 762.73 62.41 856.73
2 326.94 932.89 381.94 972.89
2 213.72 983.28 241.72 1015.28
2 391.63 958.19 417.63 986.19
2 380.24 207.4 408.24 236.4
2 160.89 326.19 192.89 344.19
2 189.73 78.17 199.73 103.17
1 593.89 945.05 611.89 963.05
1 862.8 971.87 876.8 985.87
1 707.54 88.23 722.54 102.23
1 592.93 213.05 606.93 227.05
1 144.8 87.05 167.8 110.05
1 44.77 168.91 57.77 181.91
1 42.38 125.09 56.38 138.09
1 271.6 727.78 286.6 742.78
