0 325.36 869.52 365.36 910.52
0 527.26 442.36 570.26 478.36
0 695.52 775.2 726.52 824.2
0 775.43 970.66 813.43 1007.66
0 867.71 816.57 898.71 866.57
0 600.23 525.39 643.23 555.39
0 919.92 993.05 949.92 1026.05
0 695.29 572.15 729.29 598.15
0 893.07 270.5 952.07 320.5
0 905.36 0.45 941.36 30.45
0 954.54 44.06 1005.54 76.06
0 892.14 358.52 921.14 403.52
0 937.15 393.12 980.15 463.12
0 948.38 782.36 978.38 827.36
0 580.1 105.46 609.1 144.46
0 567.13 733.71 604.13 782.71
0 799.23 849.15 837.23 894.15
2 109.96 447.61 154.96 490.61
2 155.01 472.07 205.01 520.07
2 214.49 180.61 273.49 237.61
2 249.49 99.14 309.49 154.13
2 329.51 165.19 363.51 196.19
2 431.04 397.15 469.04 433.15
2 270.51 476.62 311.51 513.62
2 146.5 602.05 192.5 644.05
2 178.53 652.09 221.53 692.09
2 204.97 763.2 240.97 796.2
2 309.49 669.18 343.49 701.18
2 351.49 692.12 390.49 728.12
2 416.48 544.04 469.48 592.04
2 465.0 518.71 498.0 550.71
2 394.46 464.13 437.46 503.13
2 509.03 616.23 545.03 651.23
2 61.0 210.62 103.0 252.62
2 137.94 371.23 162.94 401.23
2 244.44 295.72 269.44 324.72
2 379.03 485.21 407.03 523.21
2 478.51 367.69 506.51 409.69
2 489.97 714.71 505.97 740.71
2 490.92 666.73 509.92 693.73
2 619.66 316.07 647.66 334.07
2 787.02 312.3 811.02 346.3
2 805.62 213.65 839.62 241.65
2 49.49 661.2 81.49 693.2
2 137.5 234.72 173.5 270.72
2 503.25 480.39 525.25 502.39
2 779.03 261.19 816.03 298.19
2 826.98 373.65 877.98 424.65
2 745.29 376.14 789.29 420.14
1 850.37 300.27 880.37 330.27
2 674.5 15.61 724.5 65.61
2 771.95 47.26 800.95 82.26
2 886.25 156.09 917.25 179.09
2 420.83 42.67 446.83 67.67
2 976.01 662.73 1008.01 721.73
0 349.33 94.29 389.33 133.29
2 143.99 888.4 183.99 928.4
2 300.0 700.1 336.0 736.1
2 911.67 822.09 943.67 838.09
2 351.63 948.6 388.63 969.6
2 271.63 929.18 297.63 948.18
2 656.64 669.67 678.64 685.67
1 375.5 354.2 408.5 387.2
1 321.99 364.16 337.99 380.16
1 331.5 450.71 356.5 475.71
1 328.51 568.66 350.51 590.66
1 293.51 522.23 313.51 542.23
1 270.0 738.18 291.0 760.18
1 316.5 752.27 340.5 776.27
1 269.51 769.23 289.51 789.23
1 252.99 809.22 275.99 832.22
1 479.47 774.21 512.47 807.21
1 431.49 793.24 462.49 824.24
1 470.0 892.24 495.0 917.24
1 651.49 390.69 685.49 424.69
1 702.0 295.21 722.0 315.21
1 645.99 260.22 676.99 291.22
1 611.0 276.21 635.0 300.21
1 309.51 263.68 338.51 292.68
1 311.5 287.74 340.5 316.74
1 469.49 258.66 508.49 297.66
1 690.0 370.24 715.0 395.24
1 395.54 651.27 425.54 681.27
1 509.5 590.73 536.5 617.73
1 579.5 662.75 604.5 687.75
1 551.46 634.19 576.46 656.19
1 599.47 648.2 629.47 680.2
1 586.45 457.66 621.45 483.66
1 549.44 359.68 580.44 388.68
1 752.87 536.62 769.87 548.62
1 747.95 656.66 768.95 677.66
1 924.5 480.73 947.5 503.73
1 777.48 540.26 803.48 566.26
1 826.5 446.16 867.5 487.16
1 834.99 529.72 854.99 549.72
1 828.5 599.72 864.5 635.72
1 670.53 845.22 704.53 879.22
1 628.49 745.69 651.49 768.69
1 489.5 823.71 521.5 857.71
1 402.42 990.7 431.42 1015.7
1 419.93 1002.64 447.93 1024.64
1 801.5 937.74 827.5 963.74
1 885.5 569.66 917.5 601.66
1 652.54 955.15 669.54 972.15
1 411.99 615.26 437.99 642.26
1 539.0 604.27 561.0 626.27
1 252.5 1001.13 269.5 1018.13
1 270.48 1001.24 291.48 1022.24
1 425.04 572.23 452.04 598.23
1 796.03 888.7 821.03 913.7
1 691.0 905.73 717.0 931.73
1 244.0 589.73 270.0 615.73
1 511.98 965.7 533.98 987.7
