0 905.66 807.08 951.66 869.08
0 566.52 449.45 609.52 505.45
0 982.34 87.75 1026.34 129.75
0 68.67 530.12 108.67 578.12
2 154.46 537.26 201.46 584.26
2 163.14 649.94 210.14 696.94
2 115.58 689.68 161.58 735.68
2 88.51 808.41 135.51 854.41
2 167.41 820.13 215.41 868.13
2 345.1 624.63 384.1 663.63
2 393.3 683.34 433.3 723.34
2 488.0 622.31 528.0 663.31
2 575.92 563.26 614.92 602.26
2 47.36 345.4 95.36 393.4
2 277.21 21.97 320.21 64.97
2 398.14 28.22 439.14 69.22
2 655.86 136.1 686.86 167.1
2 699.01 175.24 741.01 218.24
2 941.23 909.58 1026.23 1002.58
2 782.5 264.69 845.5 327.69
2 977.81 345.41 1025.81 401.41
2 704.98 493.69 746.98 535.69
2 909.13 454.56 960.13 505.56
2 967.38 459.38 1019.38 511.38
2 905.11 299.19 948.11 342.19
2 271.85 290.03 310.85 329.03
2 304.0 790.42 336.0 823.42
2 644.99 794.21 682.99 831.21
2 841.01 973.01 891.01 1023.01
2 879.03 686.42 933.03 740.42
2 955.63 613.7 1005.63 663.7
2 126.28 102.09 171.28 146.09
2 861.68 621.79 903.68 663.79
2 879.36 592.1 923.36 636.1
2 506.82 479.51 543.82 511.51
2 245.36 643.61 285.36 676.61
2 354.18 950.42 391.18 987.42
2 721.99 628.28 761.99 669.28
2 819.6 388.53 861.6 430.53
2 860.65 455.22 927.65 494.22
2 734.12 241.23 778.12 268.23
2 635.7 333.5 680.7 362.5
2 261.31 424.41 296.31 446.41
2 331.11 552.71 365.11 576.71
2 189.96 48.28 213.96 76.28
2 253.34 97.48 281.34 133.48
2 144.65 49.63 171.65 70.63
2 112.51 6.61 134.51 25.61
2 906.46 -1.24 958.46 29.76
2 678.37 916.22 735.37 953.22
2 375.66 853.63 404.66 874.63
2 588.21 115.21 617.21 153.21
2 750.29 916.46 796.29 958.46
2 854.28 661.48 899.28 701.48
2 981.44 763.5 1026.44 812.5
2 778.25 145.41 823.25 185.41
2 662.22 47.24 703.22 82.24
2 654.06 367.73 683.06 400.73
2 700.98 854.64 730.98 884.64
2 653.02 903.3 691.02 942.3
2 570.38 983.16 604.38 1017.16
2 740.05 311.57 772.05 343.57
2 337.39 442.7 369.39 473.7
2 98.17 737.36 139.17 777.36
2 54.32 932.29 92.32 969.29
1 407.31 548.26 439.31 580.26
1 427.07 471.4 453.07 498.4
1 436.26 381.66 457.26 402.66
1 464.26 373.66 485.26 394.66
1 499.57 379.89 525.57 405.89
1 519.7 285.84 545.7 311.84
1 519.7 285.84 545.7 311.84
1 589.0 193.27 611.0 215.27
1 525.22 211.21 544.22 229.21
1 511.85 227.4 534.85 250.4
1 530.12 157.12 555.12 182.12
1 446.35 46.5 464.35 64.5
1 495.75 58.62 506.75 69.62
1 519.4 55.55 539.4 75.55
1 484.72 10.8 512.72 38.8
1 315.59 85.84 337.59 107.84
1 251.13 199.25 274.13 221.25
1 311.86 209.37 330.86 228.37
1 222.38 304.54 244.38 326.54
1 143.51 346.38 164.51 367.38
1 191.3 367.55 215.3 391.55
1 121.09 403.35 140.09 422.35
1 40.0 241.53 64.0 265.53
1 138.53 203.55 157.53 223.55
1 378.41 210.57 400.41 232.57
1 333.16 146.1 356.16 169.1
1 376.78 154.43 397.78 175.43
1 433.2 192.05 460.2 219.05
1 468.15 129.69 489.15 150.69
1 614.5 14.69 633.5 33.69
1 612.6 39.52 632.6 59.52
1 673.15 90.63 692.15 109.63
1 730.5 126.69 749.5 145.69
1 830.21 524.51 855.21 549.51
1 819.5 565.08 844.5 590.08
1 771.53 355.47 800.53 383.47
1 967.35 169.4 991.35 192.4
1 867.8 76.05 894.8 103.05
1 914.5 131.34 937.5 154.34
1 895.36 265.6 919.36 289.6
1 170.24 278.24 199.24 306.24
1 257.14 898.07 288.14 929.07
1 499.88 983.38 522.88 1006.38
1 559.33 934.24 583.33 958.24
1 612.14 878.34 637.14 903.34
1 558.17 778.35 579.17 799.35
1 511.48 759.52 536.48 783.52
1 474.19 725.69 507.19 758.69
1 746.27 842.48 768.27 864.48
1 802.0 802.29 826.0 826.29
1 855.36 804.79 875.36 824.79
1 939.32 938.39 959.32 959.39
1 593.32 352.21 617.32 376.21
1 589.0 313.15 611.0 335.15
1 677.32 476.21 701.32 500.21
1 369.18 342.64 384.18 357.64
1 392.79 361.62 409.79 378.62
1 415.34 640.64 435.34 659.64
1 194.25 574.69 216.25 597.69
1 827.85 146.63 846.85 165.63
1 893.32 221.49 913.32 241.49
1 848.09 222.57 869.09 244.57
1 633.19 576.04 652.19 595.04
1 649.22 730.17 669.22 750.17
1 793.0 612.59 819.0 638.59
1 66.09 700.54 91.09 726.54
1 39.51 833.49 60.51 853.49
1 879.3 1008.4 894.3 1022.4
1 887.86 945.37 906.86 964.37
1 875.37 971.59 899.37 995.59
1 933.28 884.33 949.28 901.33
1 881.16 128.72 908.16 155.72
1 868.0 716.21 892.0 740.21
1 420.09 288.25 441.09 309.25
1 497.23 601.96 516.23 620.96
1 682.24 378.42 715.24 411.42
1 549.0 -0.13 575.0 24.87
1 774.15 730.4 795.15 751.4
1 368.0 901.53 392.0 925.53
1 361.32 742.43 385.32 767.43
1 154.47 901.53 177.47 925.53
