0 386.0 467.19 430.0 529.19
0 618.37 881.12 684.37 923.12
0 703.39 935.1 755.39 981.1
0 736.41 853.11 807.41 903.11
0 790.25 808.29 860.25 853.29
0 928.38 677.57 994.38 761.57
0 926.03 892.4 979.03 954.4
0 775.32 667.6 863.32 740.6
0 791.48 611.12 847.48 677.12
0 851.95 666.82 899.95 723.82
0 731.42 773.11 787.42 819.11
0 645.26 706.79 700.26 782.79
0 815.02 512.15 869.02 584.15
0 851.38 463.42 915.38 547.42
0 799.41 135.14 923.41 214.14
0 613.85 617.39 652.85 677.39
0 684.0 396.14 768.0 480.14
0 837.48 389.24 918.48 452.24
0 942.11 809.76 991.11 867.76
0 698.15 181.53 751.15 257.53
0 930.34 -1.14 998.34 57.86
0 710.15 318.58 771.15 357.58
0 541.66 307.5 579.66 351.5
0 589.02 329.59 631.02 378.59
0 33.13 409.29 72.13 436.29
0 641.23 525.65 680.23 566.65
0 160.19 629.1 201.19 663.1
0 348.23 108.56 381.23 154.56
0 177.19 382.51 217.19 408.51
2 452.1 96.28 513.1 157.28
2 794.38 250.41 892.38 348.41
2 835.33 769.71 899.33 834.71
2 676.87 825.67 733.87 882.67
2 339.28 970.61 383.28 1013.61
2 286.25 920.37 331.25 965.37
2 33.4 818.21 81.4 867.21
2 120.01 528.1 172.01 580.1
2 69.99 260.26 109.99 301.26
2 210.26 216.57 248.26 254.57
2 319.69 456.53 349.69 486.53
2 493.21 540.31 533.21 581.31
2 668.08 644.18 713.08 689.18
2 693.18 -2.96 769.18 39.04
2 529.31 38.43 561.31 71.43
2 718.23 151.57 767.23 200.57
2 794.31 190.65 836.31 233.65
2 939.59 63.81 993.59 117.81
2 987.33 91.2 1025.33 134.2
2 574.19 152.08 619.19 196.08
2 544.52 777.8 614.52 823.8
2 940.13 596.72 973.13 656.72
2 731.23 399.49 758.23 447.49
2 803.04 117.39 845.04 153.39
2 551.31 501.07 579.31 550.07
2 517.02 639.74 538.02 653.74
2 531.55 644.32 568.55 665.32
2 305.44 840.44 341.44 870.44
2 244.92 562.46 277.92 584.46
2 471.54 410.49 489.54 435.49
2 332.13 188.8 353.13 219.8
2 290.46 93.33 312.46 108.33
2 86.09 85.38 107.09 120.38
2 276.41 245.11 302.41 263.11
2 228.96 906.25 257.96 950.25
2 319.48 599.56 356.48 635.56
2 423.33 941.37 459.33 976.37
2 635.38 595.51 675.38 635.51
2 633.01 124.53 671.01 162.53
2 294.38 694.54 328.38 728.54
2 422.6 685.49 452.6 709.49
1 212.07 514.32 229.07 531.32
1 218.25 532.45 240.25 554.45
1 193.0 473.15 215.0 495.15
1 211.38 366.21 231.38 386.21
1 261.0 446.38 287.0 471.38
1 327.49 409.71 352.49 434.71
1 298.34 359.28 324.34 385.28
1 287.33 286.24 311.33 310.24
1 386.0 290.21 410.0 314.21
1 401.96 304.81 425.96 328.81
1 438.46 286.67 468.46 316.67
1 464.25 262.69 486.25 285.69
1 470.34 141.66 500.34 170.66
1 451.49 164.47 480.49 193.47
1 511.86 185.37 530.86 204.37
1 484.96 32.49 510.96 58.49
1 429.3 22.41 453.3 47.41
1 428.37 -1.13 454.37 16.87
1 606.53 239.39 633.53 266.39
1 655.19 168.46 682.19 194.46
1 683.41 68.64 699.41 83.64
1 637.01 24.29 671.01 57.29
1 589.14 16.7 616.14 43.7
1 614.28 378.17 635.28 398.17
1 635.62 296.53 661.62 322.53
1 677.19 320.04 696.19 339.04
1 990.2 451.52 1015.2 475.52
1 468.36 939.63 486.36 956.63
1 510.19 870.44 535.19 895.44
1 556.8 923.65 577.8 944.65
1 520.87 922.37 545.87 947.37
1 507.44 941.51 535.44 969.51
1 371.23 923.34 390.23 942.34
1 313.2 881.61 336.2 905.61
1 225.26 987.71 249.26 1012.71
1 166.33 947.78 192.33 973.78
1 167.63 1002.54 189.63 1024.54
1 158.5 846.69 177.5 865.69
1 134.23 848.48 152.23 866.48
1 87.52 838.38 108.52 859.38
1 124.87 807.71 149.87 832.71
1 170.18 717.57 195.18 741.57
1 227.15 738.5 246.15 756.5
1 371.39 543.33 395.39 566.33
1 329.24 488.5 357.24 517.5
1 411.25 399.18 438.25 425.18
1 506.5 319.34 529.5 342.34
1 573.16 388.64 592.16 407.64
1 612.84 463.68 633.84 484.68
1 619.33 438.75 647.33 465.75
1 407.7 591.23 437.7 621.23
1 459.28 623.68 483.28 648.68
1 291.59 609.84 313.59 631.84
1 362.19 688.41 387.19 713.41
1 384.23 694.37 405.23 715.37
1 64.09 752.25 85.09 773.25
1 51.1 686.17 70.1 706.17
1 31.41 721.31 51.41 740.31
1 59.35 719.37 79.35 738.37
1 19.37 947.59 43.37 971.59
1 70.36 984.56 96.36 1010.56
1 110.17 921.72 131.17 942.72
1 95.25 503.18 122.25 529.18
1 40.84 495.68 61.84 516.68
1 138.5 428.73 165.5 455.73
1 66.42 195.78 88.42 217.78
1 24.87 222.37 49.87 247.37
1 52.27 280.48 69.27 298.48
1 21.0 352.31 43.0 373.31
1 37.22 365.46 64.22 392.46
1 150.5 368.0 169.5 387.0
1 243.2 238.69 266.2 261.69
1 224.5 168.44 247.5 190.44
1 214.36 130.34 240.36 155.34
1 161.32 94.35 181.32 115.35
1 93.24 25.76 117.24 50.76
1 162.34 -0.58 184.34 18.42
1 259.84 0.65 282.84 23.65
1 630.0 233.0 631.0 234.0
1 572.0 139.39 592.0 159.39
1 782.18 96.21 807.18 120.21
1 75.2 365.22 106.2 395.22
1 255.61 810.91 269.61 824.91
1 249.02 831.82 275.02 857.82
1 989.14 975.54 1016.14 1003.54
