0 58.2 466.55 87.2 488.55
0 100.19 539.28 133.19 578.28
0 319.3 461.62 355.3 506.62
0 336.28 376.42 378.28 425.42
0 342.0 258.51 370.0 300.51
0 422.15 754.43 472.15 812.43
0 153.96 784.31 189.96 817.31
0 597.14 664.75 620.14 695.75
0 835.16 729.23 866.16 775.23
0 851.63 794.83 897.63 846.83
0 854.34 474.25 880.34 510.25
0 761.14 606.56 784.14 640.56
0 580.04 505.68 612.04 538.68
0 13.29 637.75 32.28 659.75
0 34.44 102.37 61.44 127.37
0 802.66 647.58 822.66 679.58
0 392.51 382.41 407.51 403.41
0 248.39 737.51 266.39 793.51
0 470.47 535.19 505.47 577.19
0 530.35 115.38 556.35 130.38
2 851.3 600.48 887.3 637.48
2 349.19 662.68 392.19 678.68
2 62.82 574.8 75.82 609.8
2 17.48 593.64 58.48 634.64
2 774.14 333.54 807.14 365.54
2 573.99 626.66 589.99 664.66
1 66.95 164.33 80.95 181.33
1 781.5 19.71 798.5 36.71
1 806.34 686.38 824.34 707.38
1 669.16 983.57 684.16 1000.57
1 861.61 421.13 875.61 435.13
1 866.62 398.87 882.62 415.87
