0 62.47 197.91 141.47 300.91
0 77.53 622.56 130.53 688.56
0 118.15 921.4 143.15 955.4
0 354.12 868.27 395.12 909.27
0 970.06 471.56 991.06 499.56
0 742.35 181.41 771.35 212.41
0 619.02 106.46 645.02 144.46
0 826.5 141.43 865.5 173.43
0 262.22 498.75 291.22 533.75
0 341.18 606.25 360.18 630.25
0 439.34 473.51 463.34 493.51
0 939.39 602.55 975.39 640.55
0 88.34 843.73 118.34 880.73
2 948.19 517.67 985.19 554.67
2 658.59 907.46 714.59 963.46
2 158.22 853.72 172.22 901.72
2 559.84 411.63 618.84 429.63
2 658.28 742.39 760.28 764.39
1 710.04 246.56 730.04 268.56
1 876.45 221.03 899.45 246.03
1 928.96 20.63 942.96 35.63
1 275.17 538.38 294.17 555.38
