0 402.01 682.27 456.01 716.27
0 424.03 624.6 473.03 654.6
0 625.0 392.43 659.0 448.43
0 899.59 189.12 931.59 212.12
0 543.99 640.12 585.99 670.12
0 633.5 136.2 674.5 197.2
0 510.26 491.21 529.26 519.21
0 459.18 22.07 522.18 58.07
0 206.51 600.09 294.51 707.09
0 352.58 764.08 415.58 802.08
0 400.25 916.3 448.25 947.3
0 844.02 863.6 871.02 902.6
0 734.25 771.66 761.25 813.66
0 367.26 158.12 424.26 226.12
0 650.18 554.43 683.18 592.43
0 650.72 902.61 693.72 966.61
0 448.49 944.02 478.49 996.02
2 81.7 427.2 159.7 511.2
2 188.52 876.26 292.52 964.26
2 88.21 870.58 140.21 911.58
2 982.72 777.58 1009.72 809.58
2 505.11 434.09 534.11 462.09
2 437.55 761.63 464.55 793.63
2 340.16 670.66 370.16 700.66
2 472.16 787.47 511.16 827.47
2 681.26 692.41 736.26 746.41
2 819.12 460.53 888.12 528.53
2 685.0 357.08 730.0 402.08
2 311.34 977.23 342.34 1008.23
2 302.4 40.45 356.4 94.45
2 259.13 429.19 309.13 479.19
2 176.82 804.72 224.82 852.72
2 154.27 853.46 182.27 881.46
2 79.03 971.63 125.03 1017.63
2 666.12 35.95 695.12 64.95
2 677.36 118.36 717.36 160.36
2 943.36 248.61 969.36 274.61
2 707.36 416.42 737.36 445.42
2 943.47 844.04 994.47 895.04
2 546.21 734.66 598.21 787.66
2 682.2 852.05 726.2 897.05
2 152.0 608.64 190.0 646.64
1 0.57 494.68 27.57 524.67
1 44.95 367.7 59.95 388.7
1 207.55 342.74 217.55 360.74
1 15.11 266.64 38.11 281.64
1 47.08 221.24 71.08 243.24
1 196.08 135.65 214.08 150.65
1 247.18 153.22 260.18 175.22
1 238.28 347.12 273.28 367.12
1 294.96 215.37 304.96 230.37
1 318.36 300.65 334.36 317.65
1 156.41 31.3 183.41 50.3
1 455.35 249.52 478.35 265.52
1 406.16 242.04 417.16 261.04
1 468.25 65.07 497.25 92.07
1 558.52 63.67 581.52 85.67
1 505.18 107.42 524.18 126.42
1 708.37 299.26 727.37 314.26
1 698.52 280.61 714.52 300.61
1 757.46 239.75 786.46 282.75
1 807.04 275.71 824.04 301.71
1 822.93 321.33 839.93 338.33
1 826.11 94.43 865.11 118.43
1 925.47 87.62 944.47 117.62
1 600.38 683.53 624.38 708.53
1 620.94 545.54 646.94 571.54
1 613.04 486.11 633.04 498.11
1 645.66 512.09 663.66 523.09
1 590.26 605.43 615.26 642.43
1 622.55 603.71 641.55 624.71
1 631.24 623.42 661.24 664.42
1 829.31 618.23 855.31 646.23
1 827.64 698.65 841.64 718.65
1 772.26 675.39 805.26 698.39
1 745.66 708.12 797.66 754.12
1 766.57 606.4 795.57 625.4
1 840.52 570.7 871.52 603.7
1 756.04 634.43 773.04 648.43
1 279.0 708.11 334.0 755.11
1 374.95 498.07 436.95 537.07
1 607.05 932.53 630.05 953.53
1 553.1 955.43 569.1 972.43
1 598.33 825.61 623.33 840.61
1 432.43 827.58 452.43 843.58
1 486.52 829.83 505.52 859.83
1 576.63 926.12 599.63 947.12
1 409.3 651.68 421.3 670.68
1 445.0 541.34 462.0 552.34
1 548.17 499.15 567.17 514.15
1 499.04 379.61 513.04 398.61
1 286.83 582.4 305.83 602.4
1 140.64 587.32 163.64 608.32
1 227.02 527.37 247.02 558.37
1 302.43 501.6 328.43 527.6
1 251.98 404.22 281.98 434.22
1 222.33 447.3 248.33 477.3
1 37.48 141.48 70.48 179.48
1 200.3 45.43 246.3 79.43
1 334.54 937.6 369.54 961.6
1 249.11 994.19 280.11 1025.19
1 207.51 780.24 227.51 812.24
1 234.13 743.5 245.13 759.5
1 74.1 699.88 89.1 713.88
1 128.06 684.21 139.06 702.21
1 133.15 282.66 154.15 306.66
1 137.61 241.58 151.61 259.58
1 145.65 258.21 163.65 272.21
1 156.38 331.31 172.38 357.31
1 837.49 401.21 854.49 428.21
1 899.35 443.19 924.35 459.19
1 987.81 78.55 1005.81 93.55
