0 834.01 441.07 910.01 497.07
0 615.56 387.08 688.56 451.08
0 955.95 283.63 1023.95 336.63
0 552.0 184.28 608.0 268.28
0 555.6 177.09 630.6 213.09
0 517.36 126.33 575.36 167.33
0 379.97 204.23 473.97 277.23
0 520.32 248.35 556.32 277.35
0 877.99 283.67 921.99 324.67
0 835.35 295.07 876.35 317.07
0 855.46 254.55 867.46 279.55
0 788.98 505.07 832.98 540.07
0 782.06 499.68 818.06 535.68
0 602.48 587.05 689.48 644.05
0 610.48 673.57 671.48 706.57
0 387.21 330.39 424.21 397.39
0 468.25 358.46 515.25 437.46
0 662.0 926.17 694.0 988.17
0 620.0 945.58 668.0 970.58
0 203.46 528.73 230.46 561.73
0 197.56 930.1 264.56 970.1
0 103.62 699.13 141.62 724.13
0 140.5 713.76 161.5 753.76
0 753.47 975.58 802.47 1002.58
0 67.56 980.56 142.56 1019.56
0 833.66 740.51 874.66 767.51
0 576.39 992.97 602.39 1025.97
0 533.99 918.57 568.99 939.57
0 601.31 762.41 619.31 801.41
0 434.54 472.59 460.54 507.59
2 883.94 939.6 935.94 993.6
2 925.0 783.12 988.0 838.12
2 937.9 599.73 957.9 623.73
2 893.48 569.16 931.48 607.16
2 783.73 728.5 819.73 762.5
2 663.51 789.16 699.51 825.16
2 581.99 879.73 613.99 920.73
2 692.35 327.11 752.35 379.11
2 918.33 80.63 949.33 109.63
2 223.25 447.07 271.25 491.07
2 385.49 575.71 454.49 644.71
2 364.99 589.07 472.99 697.07
2 389.01 510.15 424.01 545.15
2 265.02 543.72 298.02 576.72
2 470.51 486.73 501.51 517.73
2 576.03 674.77 603.03 701.77
2 412.5 902.3 438.5 928.3
2 109.97 505.21 144.97 540.21
2 235.98 302.7 268.98 335.7
2 267.49 2.24 294.49 28.24
2 578.54 66.53 613.54 100.53
2 639.69 161.08 665.69 186.08
2 603.01 353.07 637.01 386.07
2 423.87 307.6 467.87 352.6
2 533.02 343.41 575.02 383.41
2 795.23 35.55 829.23 60.55
2 621.48 833.63 664.48 880.63
2 951.07 33.72 981.07 64.72
1 36.11 240.11 52.11 256.11
1 54.97 204.65 70.97 221.65
1 87.49 148.67 110.49 169.67
1 93.01 199.73 115.01 224.73
1 15.52 139.61 30.52 156.61
1 135.56 102.61 150.56 117.61
1 310.48 309.75 335.48 338.75
1 241.0 375.25 267.0 399.25
1 29.52 -0.17 40.52 10.84
1 92.99 44.68 114.99 65.68
1 23.52 306.63 44.52 327.63
1 73.19 276.51 96.19 300.51
1 156.97 423.23 178.97 445.23
1 37.53 479.11 57.53 496.11
1 7.89 442.63 26.89 460.63
1 152.01 154.68 174.01 175.68
1 220.47 229.13 241.47 249.13
1 264.53 72.56 282.53 90.56
1 300.02 422.73 328.02 449.73
1 268.22 505.61 299.22 527.61
1 260.07 327.62 272.07 348.62
1 369.04 152.44 383.04 166.44
1 326.15 252.48 354.15 270.48
1 99.66 631.84 121.66 653.84
1 173.5 384.5 190.5 401.5
1 159.5 400.5 176.5 417.5
1 255.02 757.23 285.02 787.23
1 294.96 832.71 320.96 857.71
1 138.41 686.22 167.41 710.22
1 74.0 665.19 102.0 693.19
1 69.11 482.16 105.11 514.16
1 24.01 583.78 48.01 626.78
1 108.84 880.62 138.84 905.62
1 190.99 582.19 226.99 618.19
1 275.13 468.16 307.13 492.16
1 360.41 377.69 379.41 397.69
1 348.98 423.47 366.98 437.47
1 325.27 469.44 349.27 487.44
1 351.08 496.55 370.08 516.55
1 394.43 435.49 412.43 457.49
1 342.23 514.19 355.23 532.19
1 352.52 622.37 367.52 641.37
1 310.14 914.18 323.14 932.18
1 295.19 934.27 310.19 953.27
1 331.31 974.44 343.31 990.44
1 374.93 944.5 388.93 964.5
1 193.13 862.25 208.13 873.25
1 181.34 809.46 197.34 827.46
1 155.57 835.53 173.57 849.53
1 141.25 652.61 157.25 665.61
1 230.4 915.35 244.4 925.35
1 569.03 775.41 583.03 785.41
1 481.23 586.59 493.23 599.59
1 359.36 770.69 371.36 784.69
1 486.36 721.52 504.36 735.52
1 494.33 753.35 508.33 770.35
1 491.44 790.05 499.44 800.05
1 566.57 521.54 589.57 543.54
1 654.03 512.49 671.03 532.49
1 728.92 707.65 752.92 726.65
1 579.49 802.25 606.49 838.25
1 673.96 537.18 707.96 567.18
1 792.51 592.26 817.51 618.26
1 690.03 479.72 710.03 504.72
1 907.57 488.18 930.57 506.18
1 779.53 345.74 800.53 372.74
1 567.53 331.25 586.53 355.25
1 503.53 295.67 532.53 316.67
1 509.13 142.68 550.13 185.68
1 491.25 58.67 507.25 77.67
1 437.28 140.45 455.28 159.45
1 403.46 84.17 423.46 104.17
1 426.33 69.17 442.33 85.17
1 409.0 237.26 435.0 263.26
1 506.52 13.67 522.52 29.67
1 607.49 301.71 628.49 322.71
1 808.07 131.6 827.07 151.6
1 728.0 211.23 750.0 233.23
1 909.39 264.07 942.39 280.07
1 919.0 342.21 939.0 362.21
1 873.5 159.7 891.5 177.7
1 735.04 300.09 753.04 318.09
1 700.96 212.24 715.96 227.24
1 981.0 555.26 1007.0 581.26
1 969.5 623.64 988.5 642.64
1 995.5 654.5 1012.5 671.5
1 974.0 908.14 986.0 920.14
1 882.0 719.19 910.0 747.19
1 830.0 599.21 850.0 619.21
1 827.51 626.69 846.51 645.69
1 749.49 117.73 776.49 144.73
1 760.51 941.6 779.51 960.6
1 862.01 879.16 878.01 895.16
1 813.0 936.27 835.0 958.27
1 861.0 928.12 875.0 942.12
