0 12.13 49.09 89.13 131.09
0 110.38 357.43 136.38 388.43
0 192.22 160.13 233.22 204.13
0 147.42 101.58 199.42 138.58
0 393.14 28.62 444.14 71.62
0 304.32 614.66 322.32 648.66
0 165.01 398.27 303.01 575.27
0 10.21 352.6 51.21 403.6
0 267.39 825.32 371.39 940.32
0 268.52 744.5 327.52 810.5
0 518.12 863.47 591.12 927.47
0 511.13 682.15 562.13 727.15
0 484.73 953.62 533.73 1002.62
0 394.27 787.27 427.27 810.27
0 779.04 554.5 813.04 592.5
0 818.02 755.14 858.02 801.14
0 937.59 495.12 998.59 553.12
0 933.61 351.71 1019.61 409.71
0 892.39 179.63 931.39 208.63
0 757.1 105.44 796.1 137.44
0 708.72 72.26 748.72 113.26
0 507.02 302.27 741.02 475.27
0 895.35 403.4 923.35 419.4
0 911.51 292.17 940.51 340.17
0 733.26 196.79 773.26 229.79
0 553.31 97.33 629.31 152.33
0 451.14 618.63 462.14 637.63
0 783.4 713.63 812.4 730.63
0 856.06 395.86 881.06 421.86
0 308.21 189.1 326.21 207.1
2 916.2 755.39 953.2 791.39
2 484.45 496.41 538.45 550.41
2 397.18 616.76 424.18 643.76
2 469.25 827.72 497.25 856.72
2 263.26 34.49 291.26 63.49
2 206.32 10.61 232.32 36.61
2 123.14 39.6 154.14 71.6
2 665.12 110.2 700.12 146.2
2 632.77 758.36 669.77 795.36
2 304.02 56.35 352.02 74.35
2 71.83 694.78 98.83 820.78
2 589.25 726.19 601.25 780.19
2 669.38 680.37 685.38 736.37
2 687.51 800.4 700.51 845.4
2 824.85 789.5 845.85 841.5
2 838.11 17.1 867.11 115.1
2 634.35 575.79 660.35 601.79
2 245.37 245.85 465.37 552.85
1 966.12 963.23 991.12 989.23
1 730.26 273.39 752.26 296.39
1 115.01 904.6 141.01 930.6
1 133.02 265.79 159.02 291.79
1 435.8 166.05 458.8 189.05
1 485.34 231.33 509.34 254.33
1 452.49 280.64 471.49 299.64
1 105.17 208.73 128.17 231.73
1 353.8 151.37 372.8 170.37
1 106.46 618.57 132.46 644.57
