0 85.38 116.52 109.38 146.52
0 89.99 168.2 121.99 200.2
0 190.18 146.59 231.18 205.59
0 144.33 461.45 178.33 504.45
0 210.18 369.37 243.18 412.37
0 278.14 712.24 315.14 761.24
0 245.6 744.48 273.6 766.48
0 102.43 866.59 125.43 888.59
0 344.06 902.43 393.06 968.43
0 350.42 824.1 380.42 859.1
0 360.34 761.37 438.34 821.37
0 412.78 353.23 549.78 504.23
0 469.16 252.5 504.16 298.5
0 353.47 193.43 381.47 220.43
0 534.33 820.68 567.33 851.68
0 573.04 718.28 628.04 767.28
0 566.99 563.55 668.99 652.55
0 650.11 640.83 703.11 684.83
0 697.92 782.36 813.92 880.36
0 3.49 385.53 32.49 433.53
0 615.43 133.63 671.43 190.63
0 897.21 432.54 985.21 510.54
0 885.25 492.45 1004.25 598.45
0 735.4 663.64 755.4 691.64
0 978.11 692.65 1011.11 723.65
0 807.66 897.26 833.66 916.26
0 808.46 254.63 827.46 280.63
0 760.77 175.6 789.77 215.6
0 780.09 22.73 804.09 42.73
2 295.6 473.74 361.6 539.74
2 229.33 83.42 265.33 119.42
2 680.98 69.18 714.98 103.18
2 580.18 339.75 609.18 368.75
2 889.15 946.64 944.15 1001.64
2 68.05 341.06 144.05 363.06
2 172.05 243.32 231.05 259.32
2 353.17 270.03 456.17 298.03
2 760.1 817.82 813.1 832.82
2 924.23 979.26 969.23 991.26
1 89.88 547.38 112.88 570.38
1 458.38 847.39 484.38 874.39
1 464.28 656.48 489.28 681.48
1 310.0 614.24 338.0 642.24
1 465.17 146.68 488.17 169.68
1 746.19 498.35 767.19 519.35
1 896.15 289.75 925.15 318.75
1 965.24 110.55 996.24 140.55
1 867.0 56.23 885.0 73.23
1 865.66 729.18 887.66 751.18
1 929.52 631.72 958.52 660.72
1 850.25 945.01 871.25 966.01
1 463.18 486.13 494.18 517.13
1 422.99 344.6 448.99 370.6
1 227.41 600.35 247.41 621.35
1 225.95 416.97 245.95 445.97
