0 132.2 102.46 157.2 135.46
0 159.19 314.22 218.19 359.22
0 72.1 485.6 161.1 570.6
0 129.29 592.61 161.29 622.61
0 81.45 759.61 141.45 812.61
0 193.51 593.7 366.51 759.7
0 476.66 516.61 544.66 586.61
0 507.83 422.12 574.83 482.12
0 490.23 37.94 587.23 120.94
0 707.08 87.69 786.08 169.69
0 837.33 77.28 893.33 120.28
0 872.37 201.5 929.37 253.5
0 678.41 404.83 772.41 509.83
0 733.26 539.35 869.26 643.35
0 657.54 609.29 710.54 656.29
0 658.04 767.05 743.04 865.05
0 878.17 820.16 971.17 933.16
0 802.27 971.21 827.27 993.21
0 461.39 629.16 522.39 679.16
0 361.36 317.19 397.36 351.19
0 409.04 819.39 439.04 838.39
0 418.36 774.41 436.36 791.41
0 432.14 721.25 445.14 743.25
0 394.2 669.51 419.2 685.51
0 474.98 718.7 488.98 741.7
0 134.52 890.99 161.52 907.99
0 580.92 650.24 618.92 675.24
0 992.36 359.62 1014.36 395.62
0 921.51 325.52 934.51 345.52
0 628.6 119.31 667.6 146.31
0 606.88 514.43 644.88 540.43
0 614.15 736.35 831.15 882.35
0 650.99 299.59 672.99 335.59
2 524.5 206.54 571.5 253.54
2 411.99 239.49 491.99 319.49
2 517.48 738.32 590.48 811.32
2 331.82 422.52 438.82 449.52
2 928.26 522.66 950.26 568.66
1 485.25 219.51 508.25 247.51
1 196.13 936.64 225.13 963.64
1 88.21 334.04 125.21 374.04
1 779.96 691.21 799.96 709.21
1 828.57 723.5 851.57 747.5
1 200.84 630.37 217.84 651.37
