0 47.98 34.47 75.98 79.47
0 306.0 834.61 366.0 929.61
0 361.0 480.13 431.0 524.13
0 475.29 436.43 515.29 498.43
0 539.04 347.59 581.04 384.59
0 470.3 105.15 572.3 168.15
0 563.64 190.2 665.64 255.2
0 510.51 627.29 629.51 798.29
0 232.48 288.28 279.48 333.28
0 9.35 215.15 32.35 241.15
0 400.15 213.66 421.15 237.66
0 655.2 528.01 698.2 603.01
0 828.09 617.27 929.09 680.27
0 858.48 795.25 921.48 882.25
0 806.02 731.29 851.02 798.29
0 648.39 370.2 690.39 411.2
0 651.03 316.98 673.03 337.98
0 370.18 966.14 399.18 998.14
0 817.01 386.58 847.01 424.58
0 272.07 526.71 297.07 549.71
0 788.0 969.14 816.0 991.14
0 686.46 928.37 709.46 953.37
2 214.03 764.75 270.03 835.75
2 465.59 631.49 510.59 675.49
2 190.14 220.3 263.14 293.3
2 382.39 733.85 411.39 759.85
2 937.0 409.17 1003.0 475.17
2 607.14 996.36 637.14 1022.36
1 146.18 364.39 167.18 385.39
1 286.09 744.49 303.09 762.49
1 523.0 526.5 541.0 544.5
1 342.22 517.62 359.22 534.62
1 442.05 801.27 458.05 816.27
1 551.15 1001.21 570.15 1019.21
1 728.62 134.21 748.62 154.21
1 656.33 33.72 678.33 54.72
1 352.41 26.54 378.41 52.54
1 151.21 90.6 166.21 105.6
1 812.02 348.21 828.02 364.21
1 337.32 333.49 357.32 353.49
1 827.23 520.52 850.23 538.52
