0 307.39 776.27 419.39 845.27
0 501.7 838.45 540.7 888.45
0 281.22 873.33 324.22 900.33
0 597.11 942.29 643.11 971.29
0 542.48 266.8 604.48 303.8
0 797.99 147.39 865.99 191.39
0 703.37 55.3 739.37 86.3
0 928.28 372.59 970.28 435.59
0 929.12 633.76 972.12 659.76
0 967.91 508.61 1006.91 531.61
0 765.2 581.7 792.2 614.7
0 592.57 713.48 619.57 744.48
0 505.04 696.44 531.04 721.44
0 576.46 317.86 743.46 468.86
0 876.2 63.15 909.2 93.15
0 431.51 351.75 460.51 384.75
2 342.57 363.15 381.57 405.15
2 174.17 864.31 223.17 913.31
2 411.49 470.47 464.49 524.47
2 983.12 301.29 1022.12 340.29
1 550.39 153.15 576.39 179.15
1 615.19 167.43 642.19 194.43
1 509.59 43.84 531.59 65.84
1 552.38 495.19 574.38 517.19
1 540.26 571.39 562.26 594.39
1 651.0 763.42 673.0 786.42
1 874.12 988.43 899.12 1013.43
1 927.59 823.75 949.59 845.75
1 982.52 943.43 1001.52 962.43
1 889.83 539.37 908.83 558.37
1 248.97 968.58 270.97 990.58
1 73.98 337.59 97.98 361.59
1 246.2 424.41 267.2 445.41
1 979.61 235.13 997.61 253.13
