0 358.39 263.59 400.39 288.59
0 330.25 147.53 363.25 167.53
0 637.32 436.15 677.32 508.15
0 532.98 825.38 586.98 889.38
0 544.62 951.28 588.62 1002.28
0 350.36 905.3 404.36 949.3
0 325.13 938.05 352.13 961.05
0 438.02 987.58 458.02 1011.58
0 883.19 438.56 922.19 485.56
0 976.1 118.31 1017.1 183.31
0 734.39 463.93 772.39 514.93
0 877.26 108.57 896.26 130.57
0 684.8 693.69 705.8 718.69
2 606.08 190.46 639.08 220.46
2 938.24 574.41 967.24 611.41
2 751.22 254.45 779.22 291.45
2 722.53 550.08 865.53 698.08
2 82.15 291.47 123.15 331.47
2 155.01 260.33 189.01 293.33
2 939.17 534.62 986.17 581.62
1 811.49 807.7 836.49 832.7
1 731.99 977.57 751.99 997.57
1 637.81 526.01 656.81 545.01
1 602.3 571.41 619.3 587.41
1 520.12 785.4 541.12 805.4
1 477.0 561.72 499.0 582.72
1 840.15 140.55 861.15 162.55
1 498.18 118.26 523.18 142.26
1 27.44 675.4 56.44 702.4
1 226.29 765.62 243.29 782.62
1 321.47 592.38 342.47 613.38
1 77.67 427.37 99.67 450.37
1 12.08 316.27 29.08 333.27
1 76.5 372.56 95.5 390.56
1 942.27 309.81 960.27 327.81
