0 158.45 298.52 316.45 484.52
0 276.26 650.02 366.26 702.02
0 306.16 175.54 331.16 210.54
0 247.55 116.16 300.55 180.16
0 391.31 116.38 423.31 137.38
0 419.42 83.6 475.42 132.6
0 614.15 124.27 651.15 177.27
0 576.25 498.35 645.25 603.35
0 504.0 165.16 524.0 194.16
0 649.05 799.08 739.05 857.08
0 684.15 892.22 733.15 972.22
0 911.96 161.24 983.96 216.24
0 893.23 954.54 953.23 1020.54
0 524.24 948.49 593.24 990.49
0 513.49 906.71 554.49 938.71
0 259.15 954.61 318.15 997.61
0 632.07 429.68 657.07 446.68
0 331.03 579.9 481.03 802.9
0 548.98 774.28 566.98 787.28
0 426.38 887.06 440.38 901.06
0 510.33 285.5 524.33 305.5
0 369.97 476.2 485.97 561.2
0 51.26 655.52 223.26 720.52
2 904.35 663.45 938.35 710.45
2 55.26 849.41 107.26 912.41
2 610.31 248.53 640.31 278.53
2 285.83 410.59 416.83 541.59
1 135.55 852.37 160.55 877.37
1 258.52 875.51 281.52 899.51
1 318.14 748.58 339.14 770.58
1 370.32 215.82 392.32 237.82
1 658.45 313.21 680.45 335.21
1 795.41 544.24 819.41 568.24
1 866.53 431.38 885.53 450.38
1 566.5 692.73 593.5 719.73
1 595.37 789.24 611.37 804.24
1 464.9 788.36 477.9 801.36
1 800.51 153.97 819.51 172.97
1 71.37 115.56 91.37 135.56
1 994.02 994.17 1014.02 1014.17
1 420.57 212.43 439.57 230.43
