0 244.54 98.18 311.54 198.18
0 63.25 285.25 122.25 336.25
0 214.41 498.55 252.41 544.55
0 64.14 371.54 97.14 403.54
0 118.17 799.34 159.17 858.34
0 424.87 817.18 449.87 855.18
0 446.43 841.37 472.43 880.37
0 371.31 664.58 411.31 691.58
0 750.26 639.59 824.26 688.59
0 815.12 466.2 850.12 518.2
0 707.41 295.79 744.41 321.79
0 761.37 290.57 804.37 333.57
0 687.0 30.13 753.0 70.13
0 824.95 113.15 874.95 207.15
0 859.75 706.42 893.75 724.42
0 729.04 596.64 755.04 615.64
0 700.95 405.52 718.95 425.52
0 741.19 462.3 757.19 483.3
0 571.74 605.45 614.74 641.45
0 490.47 363.59 521.47 407.59
0 546.38 747.74 572.38 772.74
0 494.17 981.65 519.17 1009.65
0 407.43 202.44 431.43 228.44
0 151.36 667.36 182.36 687.36
0 843.35 341.96 871.35 356.96
0 840.34 963.34 858.34 982.34
2 438.0 196.1 474.0 232.1
2 917.32 316.42 957.32 357.42
2 609.51 781.47 638.51 809.47
2 217.4 256.76 289.4 339.76
1 492.24 613.22 517.24 635.22
1 648.5 229.41 671.5 252.41
1 914.21 449.54 939.21 473.54
1 1002.18 649.74 1019.18 666.74
1 320.98 975.58 362.98 1000.58
1 211.5 996.46 232.5 1017.46
1 120.33 882.28 138.33 899.28
1 907.41 393.31 927.41 412.31
1 239.29 673.47 259.29 693.47
