0 137.28 12.52 169.28 54.52
0 192.0 176.6 240.0 219.6
0 247.34 194.03 279.34 217.03
0 209.97 127.28 229.97 142.28
0 243.69 416.59 273.69 454.59
0 275.41 366.44 295.41 392.44
0 217.24 612.33 276.24 670.33
0 193.51 677.39 230.51 716.39
0 129.42 773.36 181.42 828.36
0 32.21 669.54 81.21 718.54
0 216.32 505.14 242.32 534.14
0 293.35 423.48 321.35 447.48
0 327.43 449.35 347.43 464.35
0 381.27 444.49 397.27 458.49
0 330.68 489.62 354.68 517.62
0 387.24 287.17 410.24 309.17
0 450.79 406.66 483.79 453.66
0 388.46 527.21 434.46 566.21
0 398.08 601.48 451.08 645.48
0 336.37 688.44 394.37 742.44
0 81.37 951.65 121.37 1000.65
0 192.65 922.65 249.65 981.65
0 312.32 857.03 338.32 898.03
0 316.25 821.6 334.25 834.6
0 400.34 855.59 423.34 879.59
0 499.01 53.27 541.01 92.27
0 539.97 65.32 575.97 100.32
0 551.89 209.17 579.89 231.17
0 558.5 259.62 597.5 292.62
0 616.02 103.75 640.02 136.75
0 692.56 180.18 723.56 204.18
0 716.66 182.63 743.66 201.63
0 773.3 91.63 805.3 144.63
0 784.01 164.58 812.01 202.58
0 861.34 87.69 880.34 105.69
0 869.3 102.21 889.3 122.21
0 829.15 24.53 860.15 58.53
0 848.55 142.53 891.55 180.53
0 972.2 302.43 1005.2 343.43
0 958.17 420.39 987.17 449.39
0 946.67 456.5 978.67 482.5
0 908.4 468.82 935.4 496.82
0 914.21 399.81 931.21 424.81
0 740.13 441.6 785.13 497.6
0 807.83 610.45 834.83 647.45
0 758.27 563.19 787.27 582.19
0 880.55 700.64 903.55 730.64
0 858.86 675.03 880.86 696.03
0 817.43 796.28 853.43 841.28
0 948.62 852.7 975.62 879.7
0 832.0 876.63 860.0 895.63
0 784.32 904.27 822.32 937.27
0 673.64 953.18 707.64 1016.18
0 652.44 999.71 678.44 1020.71
0 662.18 871.6 719.18 908.6
0 498.01 903.51 538.01 951.51
0 476.55 810.28 519.55 847.28
0 802.32 681.15 840.32 719.15
0 695.32 758.33 739.32 819.33
0 725.13 609.69 751.13 634.69
0 601.2 423.84 624.2 469.84
0 562.01 399.93 598.01 434.93
0 429.16 757.29 452.16 783.29
0 719.27 362.16 759.27 398.16
2 345.09 907.06 416.09 929.06
2 314.19 997.06 371.19 1015.06
2 230.4 527.21 276.4 542.21
2 311.93 495.63 343.93 505.63
2 860.6 330.72 872.6 369.72
2 373.37 881.25 409.37 916.25
2 531.38 817.7 599.38 886.7
2 737.49 649.47 766.49 677.47
1 995.5 984.57 1016.5 1006.57
1 943.36 552.79 963.36 572.79
1 895.37 540.79 915.37 560.79
1 882.39 787.13 900.39 805.13
1 879.17 813.57 898.17 833.57
1 562.21 700.51 587.21 725.51
1 247.34 832.64 267.34 851.64
1 626.28 147.18 640.28 161.18
1 599.5 67.64 612.5 80.64
1 721.0 50.5 739.0 68.5
1 839.56 67.01 856.56 84.01
1 666.18 517.74 683.18 534.74
1 694.24 531.59 707.24 544.59
1 607.14 691.48 622.14 707.48
1 490.0 342.76 506.0 358.76
1 456.45 307.36 471.45 322.36
1 357.14 387.43 372.14 403.43
1 323.18 200.4 342.18 218.4
