0 68.96 105.3 126.96 148.3
0 236.62 128.23 280.62 177.23
0 335.74 24.43 390.74 82.43
0 363.21 245.15 422.21 323.15
0 212.36 280.14 261.36 336.14
0 232.44 811.8 283.44 869.8
0 279.45 757.1 335.45 807.1
0 104.99 621.31 158.99 664.31
0 35.14 515.04 86.14 568.04
0 226.38 439.77 248.38 468.77
0 186.37 365.49 216.37 393.49
0 313.19 527.14 360.19 565.14
0 443.46 530.84 500.46 598.84
0 477.25 443.25 516.25 478.25
0 557.24 379.26 585.24 409.26
0 614.35 389.53 664.35 441.53
0 490.09 381.58 511.09 405.58
0 524.31 152.25 577.31 197.25
0 580.23 213.23 621.23 260.23
0 633.51 270.85 662.51 306.85
0 754.17 122.35 791.17 163.35
0 814.27 123.33 852.27 150.33
0 816.21 79.59 830.21 100.59
0 844.0 69.47 860.0 93.47
0 860.91 92.84 878.91 116.84
0 892.05 98.22 928.05 142.22
0 929.46 146.46 974.46 180.46
0 889.32 229.48 925.32 265.48
0 859.23 325.39 875.23 348.39
0 931.75 377.58 978.75 414.58
0 944.58 436.59 976.58 466.59
0 731.32 289.29 771.32 336.29
0 692.29 282.74 710.29 309.74
0 671.85 508.25 734.85 581.25
0 544.66 479.63 580.66 532.63
0 634.25 702.24 700.25 755.24
0 670.22 720.65 728.22 787.65
0 543.23 756.3 615.23 825.3
0 477.34 904.68 525.34 959.68
0 439.53 141.19 504.53 227.19
0 32.78 271.4 53.78 306.4
0 32.13 392.62 73.13 415.62
0 667.17 850.84 710.17 894.84
0 567.55 945.75 608.55 979.75
0 602.29 889.45 628.29 933.45
0 913.43 923.43 953.43 978.43
0 879.97 823.25 923.97 862.25
0 976.23 772.53 1009.23 802.53
0 960.01 839.32 986.01 862.32
0 994.46 834.35 1016.46 855.35
0 763.1 965.38 778.1 992.38
0 767.16 907.09 789.16 932.09
0 819.45 977.17 844.45 991.17
2 201.09 590.23 268.09 611.23
2 157.3 916.52 177.3 981.52
2 297.0 931.28 343.0 946.28
2 509.5 290.43 534.5 371.43
2 642.28 839.65 699.28 857.65
2 182.17 828.29 219.17 865.29
2 325.13 669.44 368.13 713.44
2 870.0 127.29 906.0 162.29
1 57.21 676.62 72.21 691.62
1 78.19 348.29 95.19 365.29
1 183.48 723.66 200.48 740.66
1 392.23 678.37 413.23 699.37
1 346.32 704.51 368.32 726.51
1 434.11 396.55 455.11 418.55
1 391.13 637.58 414.13 661.58
1 679.5 83.48 696.5 99.48
1 817.5 54.53 834.5 72.53
1 797.15 835.37 816.15 854.37
1 905.99 557.56 925.99 577.56
1 977.04 863.77 999.04 885.77
