loading annotations into memory...
Done (t=0.07s)
creating index...
index created!
BF X500K, 08.jpg
[2, 1, 1, 1, 1, 1, 1, 2, 1, 1, 1, 2, 1, 1, 2, 2, 3, 4, 4, 3, 2, 2, 2, 2, 2, 2, 2]
The performance of image BF X500K, 08.jpg
======================= IoU ================================
111 loop iou
[0.7470340430376864]
blackdot iou
[0.4251347443144472]
100 loop iou
[0.6509630040182901]
100 type 2 iou
[0.44755911517925245]
all types iou
[0.7292652593154911]
bg iou
0.9832991336637363
======================= F1 ================================
111 loop F1
[0.8552026172755829]
blackdot F1
[0.5966239276819482]
100 loop F1
[0.7885858161980697]
100 type 2 F1
[0.618363851929917]
all types F1
[0.8434079276721336]
bg F1
0.9915792499211088
======================= P ================================
111 loop precision
[0.8358216560509554]
blackdot precision
[0.6553191489361702]
100 loop precision
[0.9266272189349113]
100 type 2 precision
[0.5328036322360954]
all types precision
[0.8414275065225494]
bg precision
0.9917048273422078
======================= R ================================
111 loop recall
[0.8755037228790264]
blackdot recall
[0.5475787334913648]
100 loop recall
[0.6863403944485026]
100 loop recall
[0.7366603892027621]
all types recall
[0.8453976932294788]
bg recall
0.9914537042991736
BF X500K, 05 (2).jpg
[1, 1, 1, 1, 1, 1, 1, 1, 1, 1, 1, 1, 1, 1, 1, 1, 1, 1, 1, 1, 1, 1, 2, 2, 2, 2, 2, 2, 2, 2, 2, 2, 2, 2, 2, 2, 2, 2, 2, 2, 2, 2, 2, 2, 2, 2, 2, 2, 2, 2, 2, 2, 2, 2, 2, 2, 2, 2, 2, 2, 2, 2, 2, 2, 2, 2, 2, 2, 2, 2, 2, 2, 2, 2, 2, 2, 2, 2, 2, 2, 2, 2, 2, 2, 2, 2, 2, 2, 2, 2, 2, 2, 2, 2, 2, 2, 2, 2, 2, 2, 2, 2, 2, 2, 2, 2, 2, 2, 2, 2, 2, 2, 2, 2, 3, 3, 3, 3, 3, 3, 3, 3, 3, 4, 4, 4, 4, 4, 4, 4, 1, 1, 1, 2, 2, 2, 2, 2, 2, 1, 1, 3, 3]
