0 248.35 126.22 282.35 182.22
0 231.17 376.09 274.17 440.09
0 344.91 93.67 406.91 146.67
0 274.32 135.66 412.32 261.66
0 494.38 163.78 540.38 225.78
0 636.5 549.29 673.5 636.29
0 573.12 833.08 622.12 871.08
0 188.94 829.92 250.94 872.92
0 125.45 952.19 170.45 1012.19
0 40.87 870.54 57.87 888.54
0 14.3 882.81 35.3 906.81
0 71.54 830.69 97.54 861.69
0 112.23 662.68 129.23 685.68
0 68.21 714.42 98.21 759.42
0 294.94 589.29 336.94 620.29
0 534.22 535.3 555.22 561.3
0 967.26 320.15 1006.26 348.15
0 819.49 285.44 945.49 341.44
0 839.1 930.49 870.1 948.49
0 665.16 876.4 696.16 894.4
0 600.22 903.25 634.22 926.25
0 112.37 202.41 134.37 235.41
0 377.33 529.6 521.33 654.6
2 805.7 531.67 839.7 575.67
2 512.04 948.16 594.04 1021.16
2 81.06 380.25 203.06 501.25
1 440.49 133.55 467.49 160.55
1 974.12 973.73 999.12 998.73
1 422.08 50.46 438.08 75.46
1 947.76 314.06 965.76 337.06
1 52.14 141.18 77.14 159.18
1 462.06 95.75 475.06 117.75
