0 55.36 445.37 79.36 487.37
0 135.8 576.28 194.8 681.28
0 335.15 597.23 430.15 652.23
0 580.33 465.47 630.33 553.47
0 422.31 846.3 468.31 903.3
0 539.09 923.42 562.09 958.42
0 118.43 984.03 145.43 1015.03
0 101.24 925.51 128.24 968.51
0 112.22 887.39 133.22 914.39
0 457.2 374.34 476.2 402.34
0 885.41 606.27 909.41 638.27
0 447.06 486.06 469.06 505.06
2 868.33 287.55 918.33 355.55
1 166.54 704.39 185.54 725.39
1 68.36 850.18 90.36 877.18
1 509.41 392.17 534.41 412.17
0 55.36 445.37 79.36 487.37
0 135.8 576.28 194.8 681.28
0 335.15 597.23 430.15 652.23
0 580.33 465.47 630.33 553.47
0 422.31 846.3 468.31 903.3
0 539.09 923.42 562.09 958.42
0 118.43 984.03 145.43 1015.03
0 101.24 925.51 128.24 968.51
0 112.22 887.39 133.22 914.39
0 457.2 374.34 476.2 402.34
0 885.41 606.27 909.41 638.27
0 447.06 486.06 469.06 505.06
2 868.33 287.55 918.33 355.55
1 166.54 704.39 185.54 725.39
1 68.36 850.18 90.36 877.18
1 509.41 392.17 534.41 412.17
