0 464.77 310.75 508.77 397.75
0 862.98 846.75 913.98 949.75
0 161.08 730.84 196.08 780.84
0 279.3 301.91 354.3 347.91
0 688.61 531.96 760.61 593.96
0 897.07 234.96 937.07 266.96
0 828.88 40.55 877.88 73.55
0 81.9 981.8 118.9 1014.8
2 367.09 280.9 433.09 319.9
2 7.52 319.01 82.52 393.01
2 17.04 95.92 55.04 133.92
2 198.64 501.26 233.64 535.26
2 782.92 110.16 812.92 140.16
2 945.99 86.71 1005.99 146.71
2 174.5 865.61 264.5 956.61
1 513.82 215.96 527.82 229.96
1 555.94 18.15 564.94 27.15
1 549.97 28.92 556.97 35.92
1 733.92 452.97 744.92 463.97
1 730.81 462.9 739.81 471.9
1 793.83 734.8 806.83 747.8
1 424.15 999.15 434.15 1009.15
1 591.77 974.04 604.77 987.04
1 529.19 890.05 549.19 911.05
