0 871.0 405.78 951.0 567.78
0 651.93 850.17 711.93 877.17
0 959.75 917.99 990.75 975.99
0 910.92 673.04 953.92 694.04
0 625.2 677.15 665.2 745.15
0 597.17 296.23 666.17 337.23
0 340.72 353.13 365.72 408.13
0 330.27 974.87 407.27 1024.87
0 -3.21 726.58 54.79 854.58
0 100.89 550.02 159.89 628.02
2 527.7 790.84 565.7 827.84
2 683.81 787.82 705.81 809.82
2 785.0 638.25 807.0 650.25
2 699.76 75.9 780.76 166.9
2 866.91 728.02 980.91 836.02
2 130.87 766.07 160.87 796.07
2 23.94 38.09 48.94 63.09
2 666.87 530.04 700.87 633.04
1 721.19 304.19 730.19 313.19
1 681.7 398.86 690.7 407.86
1 675.14 170.19 686.14 181.19
1 958.73 94.8 971.73 107.8
1 405.04 415.09 420.04 430.09
1 64.86 129.01 80.86 145.01
1 330.81 783.98 345.81 798.98
1 753.05 797.17 766.05 810.17
1 71.6 589.73 83.6 601.73
