0 143.28 326.21 199.28 373.21
0 608.39 305.17 644.39 355.17
0 719.15 109.12 770.15 161.12
0 652.68 -1.16 697.68 33.84
0 935.54 147.64 1020.54 232.64
0 917.13 -0.9 978.13 82.1
0 778.26 368.34 842.26 421.34
0 793.48 104.68 826.48 151.68
0 792.3 145.19 824.3 191.19
0 760.5 638.53 835.5 692.53
0 948.03 661.31 1016.03 724.31
0 894.47 874.34 993.47 947.34
0 503.49 731.11 532.49 774.11
0 691.27 677.93 755.27 728.93
0 861.35 611.58 911.35 667.58
0 502.01 574.52 554.01 616.52
0 675.34 210.67 707.34 256.67
0 419.28 649.43 452.28 682.43
0 978.02 765.15 1013.02 815.15
2 23.0 25.23 57.0 60.23
2 50.45 213.12 103.45 266.12
2 232.49 298.71 262.49 328.71
2 277.03 356.67 314.03 393.67
2 216.0 583.02 264.0 631.02
2 227.5 733.27 253.5 759.27
2 441.02 700.59 487.02 746.59
2 455.51 380.63 527.51 452.63
2 332.99 121.12 370.99 159.12
2 381.52 94.29 412.52 125.29
2 521.48 130.1 563.48 172.1
2 680.49 443.08 729.49 492.08
2 807.54 507.2 870.54 570.2
2 649.02 686.19 679.02 716.19
2 431.52 362.6 474.52 405.6
2 302.97 641.26 330.97 670.26
2 725.0 158.1 761.0 194.1
2 591.5 548.64 621.5 594.64
2 609.6 563.06 673.6 596.06
2 366.87 644.68 385.87 670.68
2 358.92 700.24 379.92 729.24
2 445.0 179.27 472.0 215.27
2 708.61 324.53 763.61 353.53
2 839.73 592.49 914.73 640.49
2 731.49 23.68 757.49 61.68
2 822.0 225.06 935.0 338.06
2 923.04 432.13 977.04 487.13
2 966.56 348.58 1027.56 432.58
2 68.71 370.66 96.71 391.66
2 52.96 546.79 72.96 574.79
2 899.34 743.2 964.34 784.2
2 810.55 911.36 871.55 1027.36
2 717.21 801.45 804.21 889.45
2 712.52 710.39 789.52 786.39
2 586.95 750.77 664.95 828.77
2 720.05 954.54 771.05 1006.54
2 147.15 887.31 194.15 934.31
2 328.07 901.32 391.07 964.32
2 319.23 931.45 356.23 973.45
2 506.39 904.6 539.39 927.6
2 855.51 59.28 885.51 100.28
2 381.46 779.1 426.46 823.1
2 381.46 779.1 426.46 823.1
2 -1.07 968.08 27.93 1003.08
2 494.5 994.66 531.5 1025.66
2 354.87 1006.46 386.87 1025.46
2 569.01 701.18 603.01 741.18
2 996.49 532.2 1025.49 571.2
1 50.04 68.81 74.04 92.81
1 47.61 167.16 81.61 201.16
1 106.98 57.24 128.98 79.24
1 128.36 173.15 162.36 207.15
1 185.19 102.7 220.19 137.7
1 258.53 91.39 285.53 118.39
1 293.13 65.35 316.13 88.35
1 341.17 6.68 364.17 29.68
1 247.41 183.47 283.41 219.47
1 113.23 312.46 141.23 341.46
1 74.5 332.7 109.5 367.7
1 55.18 580.73 82.18 607.73
1 74.11 504.41 103.11 533.41
1 270.27 497.68 295.27 522.68
1 324.1 404.61 357.1 438.61
1 0.46 387.32 23.46 410.32
1 -0.64 529.2 17.36 551.2
1 55.5 703.75 80.5 728.75
1 119.2 661.46 147.2 689.46
1 67.26 394.72 86.26 413.72
1 33.14 784.7 60.14 811.7
1 33.14 784.7 60.14 811.7
1 34.32 869.77 60.32 894.77
1 -0.63 922.54 16.37 944.54
1 181.13 795.31 204.13 818.31
1 153.48 970.46 174.48 1003.46
1 235.64 957.91 261.64 983.91
1 233.3 687.51 253.3 707.51
1 429.32 915.6 457.32 943.6
1 498.22 791.63 527.22 812.63
1 337.31 566.55 365.31 588.55
1 528.03 529.52 544.03 545.52
1 323.27 154.37 343.27 175.37
1 543.39 119.58 567.39 143.58
1 654.23 928.19 687.23 960.19
1 698.5 581.47 729.5 613.47
1 569.05 65.86 592.05 95.86
1 800.32 344.67 826.32 371.67
1 -1.15 638.45 20.85 672.45
1 306.57 268.9 334.57 296.9
1 446.21 85.7 471.21 110.7
1 495.3 39.55 519.3 63.55
1 555.49 189.61 596.49 230.61
1 678.51 815.91 725.51 862.91
1 353.14 801.47 372.14 821.47
1 184.11 600.58 209.11 626.58
1 157.79 483.73 188.79 514.73
1 330.2 199.51 351.2 219.51
1 360.18 239.49 401.18 275.49
1 422.31 743.48 447.31 767.48
1 459.24 818.43 483.24 843.43
1 453.0 1004.31 479.0 1025.31
1 521.33 968.79 549.33 996.79
1 691.22 193.45 719.22 221.45
1 589.0 432.33 627.0 469.33
1 331.17 279.4 362.17 310.4
1 482.23 898.49 516.23 932.49
1 819.15 25.51 846.15 52.51
1 378.19 476.35 419.19 517.35
