0 828.01 573.44 860.01 624.44
0 794.02 629.11 834.02 694.11
0 788.01 193.13 828.01 243.13
0 772.3 64.52 808.3 95.52
0 828.14 346.55 853.14 388.55
0 844.03 862.73 872.03 893.73
0 712.95 700.42 733.95 722.42
0 717.38 717.26 745.38 747.26
0 735.07 415.4 762.07 450.4
0 814.4 744.73 860.4 795.73
0 686.52 305.21 721.52 347.21
0 716.23 263.54 742.23 302.54
0 713.2 356.95 753.2 385.95
0 812.15 894.46 833.15 927.46
0 715.3 992.75 746.3 1024.75
0 834.5 724.57 865.5 762.57
0 623.21 156.35 643.21 173.35
0 679.1 76.45 722.1 102.45
0 789.41 520.5 822.41 559.5
0 717.54 218.29 758.54 251.29
0 774.63 111.59 790.63 139.59
0 827.1 959.55 850.1 987.55
0 728.09 586.72 745.09 617.72
2 13.89 10.44 32.89 28.44
2 45.98 203.54 69.98 227.54
2 80.22 10.52 109.22 39.52
2 78.0 388.52 106.0 414.52
2 56.66 718.41 80.66 743.41
2 129.1 464.57 156.1 490.57
2 171.24 559.48 195.24 583.48
2 202.32 507.71 229.32 533.71
2 227.46 494.59 252.46 520.59
2 285.23 356.56 308.23 378.56
2 248.26 213.19 269.26 235.19
2 206.18 222.76 231.18 249.76
2 428.5 273.55 455.5 301.55
2 560.32 315.35 590.32 346.35
2 469.15 554.22 496.15 582.22
2 733.51 479.62 806.51 556.62
2 309.46 293.22 330.46 315.22
2 617.19 300.4 652.19 337.4
2 694.3 619.75 724.3 652.75
2 649.38 644.18 677.38 672.18
2 730.11 108.48 774.11 134.48
2 712.01 142.55 732.01 188.55
2 781.05 864.11 814.05 884.11
2 654.21 56.3 691.21 73.3
2 602.16 131.62 623.16 183.62
2 550.99 222.83 564.99 253.83
2 669.32 166.37 704.32 184.37
2 412.13 661.28 425.13 683.28
2 589.22 831.52 605.22 871.52
2 513.17 269.63 524.17 293.63
2 545.14 352.26 567.14 365.26
2 749.62 762.49 787.62 800.49
2 757.16 916.26 788.16 948.26
2 659.29 916.38 694.29 950.38
2 301.52 914.64 330.52 944.64
2 266.4 44.53 296.4 62.53
2 73.15 277.34 88.15 307.34
1 32.24 4.39 53.24 25.39
1 11.18 27.41 27.18 42.41
1 81.93 54.58 93.93 65.58
1 116.34 25.69 130.34 39.69
1 187.57 20.57 201.57 35.57
1 198.27 45.66 223.27 66.66
1 60.68 112.45 76.68 126.45
1 109.13 71.77 128.13 92.77
1 136.31 72.67 154.31 91.67
1 172.03 92.37 188.03 106.37
1 197.13 119.7 208.13 133.7
1 185.19 197.38 204.19 213.38
1 45.63 112.79 59.63 128.79
1 120.22 132.13 134.22 148.13
1 152.83 139.38 165.83 154.38
1 122.4 154.56 136.4 165.56
1 69.36 191.28 85.36 206.28
1 33.19 255.8 48.19 273.8
1 249.58 17.55 267.58 37.55
1 127.14 226.61 142.14 241.61
1 110.63 214.53 122.63 225.53
1 281.62 79.41 303.62 98.41
1 261.64 129.35 275.64 145.35
1 263.07 74.37 278.07 91.37
1 293.5 133.77 317.5 158.77
1 345.38 139.53 357.38 155.53
1 18.34 336.41 36.34 353.41
1 22.37 396.35 36.37 406.35
1 4.31 481.11 14.31 495.11
1 37.05 492.61 47.05 503.61
1 351.37 0.62 371.37 15.62
1 327.27 21.11 346.27 35.11
1 63.96 355.29 87.96 385.29
1 101.48 439.17 121.48 457.17
1 86.52 418.61 101.52 429.61
1 185.91 317.11 197.91 327.11
1 100.51 466.3 115.51 479.3
1 115.8 484.0 130.8 499.0
1 38.24 514.67 55.24 533.67
1 41.38 569.48 53.38 581.48
1 62.42 600.33 81.42 621.33
1 40.28 638.29 70.28 659.29
1 31.22 681.87 43.22 696.87
1 27.24 736.97 39.24 753.97
1 7.78 849.14 18.77 863.14
1 480.46 10.13 510.46 49.13
1 484.18 71.26 501.18 89.26
1 466.26 130.35 480.26 151.35
1 835.12 271.25 850.12 286.25
1 697.22 835.55 724.22 855.55
1 580.48 928.97 603.48 945.97
1 544.45 838.43 559.45 856.43
1 787.16 581.42 806.16 608.42
1 677.33 786.51 701.33 804.51
1 718.03 798.45 734.03 816.45
1 877.97 777.19 893.97 799.19
1 901.37 965.25 917.37 987.25
1 115.05 571.7 129.05 592.7
1 121.29 551.35 137.29 570.35
1 149.24 539.23 164.24 557.23
1 175.26 528.67 190.26 547.67
1 179.98 498.44 195.98 519.44
1 127.24 357.66 147.24 378.66
1 131.19 328.61 150.19 347.61
1 152.0 271.33 168.0 286.33
1 157.5 383.71 174.5 400.71
1 186.53 368.68 201.53 383.68
1 203.51 410.46 220.51 428.46
1 230.47 429.59 257.47 457.59
1 203.77 477.95 222.77 496.95
1 27.09 645.37 42.09 660.37
1 225.35 137.52 241.35 153.52
1 303.26 195.68 319.26 212.68
1 294.31 246.29 312.31 263.29
1 34.68 415.5 46.68 427.5
1 169.5 607.71 190.5 628.71
1 126.0 662.21 146.0 682.21
1 107.0 726.5 125.0 744.5
1 148.23 719.38 165.23 735.38
1 195.21 767.17 214.21 785.17
1 201.1 798.66 212.1 809.66
1 156.21 846.01 165.21 854.01
1 134.37 827.66 160.37 852.66
1 58.0 845.33 74.0 860.33
1 148.0 760.4 160.0 773.4
1 169.61 737.13 187.61 755.13
1 173.12 918.56 188.12 940.56
1 324.94 974.22 338.94 998.22
1 266.02 978.53 278.02 996.53
1 71.09 950.27 90.09 963.27
1 661.24 494.38 677.24 503.38
1 841.06 414.22 855.06 438.22
1 824.33 463.79 850.33 512.79
1 713.24 30.22 757.24 67.22
1 621.95 13.62 653.95 41.62
1 580.16 52.67 609.16 83.67
1 561.08 96.36 580.08 117.36
1 572.99 416.18 594.99 436.18
1 566.53 440.23 589.53 460.23
1 351.0 686.42 365.0 703.42
1 335.64 706.13 353.64 722.13
1 242.2 670.1 259.2 689.1
1 267.37 563.86 279.37 574.86
1 236.0 553.17 252.0 567.17
1 217.51 543.06 230.51 557.06
1 232.11 346.38 249.11 363.38
1 513.43 215.66 537.43 239.66
1 676.33 226.43 686.33 251.43
1 640.54 479.38 663.54 518.38
1 685.44 580.99 701.44 601.99
1 595.56 613.92 620.56 624.92
1 594.5 536.41 608.5 546.41
1 215.8 625.56 236.8 638.56
1 73.38 760.31 85.38 769.31
1 114.1 836.12 131.1 848.12
1 115.64 955.28 133.64 966.28
1 55.15 973.35 66.15 988.35
1 32.35 1000.57 46.35 1018.57
1 421.1 4.33 435.1 14.33
1 380.56 17.96 395.56 32.96
1 367.37 56.68 378.37 68.68
1 425.29 43.3 440.29 62.3
1 446.01 86.12 454.01 103.12
1 422.77 75.69 431.77 88.69
1 383.31 91.45 402.31 111.45
1 355.45 91.47 371.45 99.47
1 314.43 78.35 324.43 95.35
1 329.04 105.26 346.04 122.26
1 347.95 107.59 363.95 127.59
1 422.68 135.46 442.68 159.46
1 422.42 94.66 444.42 117.66
1 347.46 185.7 364.46 206.7
1 460.31 180.32 485.31 201.32
1 387.27 165.61 402.27 178.61
1 382.69 190.37 398.69 211.37
1 367.43 259.45 392.43 275.45
1 395.11 278.6 413.11 293.6
1 377.35 319.19 392.35 334.19
1 339.01 365.58 361.01 389.58
1 422.32 417.65 439.32 435.65
1 408.89 448.32 426.89 458.32
1 364.08 513.39 389.08 528.39
1 287.92 435.21 307.92 446.21
1 273.39 493.24 289.39 519.24
1 74.56 525.03 81.56 535.03
1 225.26 733.31 241.26 744.31
1 175.93 869.51 191.93 885.51
1 138.4 969.42 156.4 988.42
1 195.25 933.41 202.25 945.41
1 232.18 882.48 249.18 896.48
1 306.16 740.35 315.16 749.35
1 260.33 730.61 270.33 745.61
1 257.98 783.5 286.98 803.5
1 300.97 874.17 326.97 890.17
1 271.49 876.91 287.49 889.91
1 270.14 900.29 279.14 905.29
1 254.36 915.29 277.36 930.29
1 199.35 1011.22 219.35 1022.22
1 259.28 149.39 275.28 164.39
1 250.26 280.21 263.26 288.21
1 250.26 280.21 263.26 288.21
1 259.16 296.65 272.16 315.65
1 262.31 195.18 276.31 213.18
1 217.47 302.36 235.47 319.36
1 231.11 402.01 250.11 417.01
1 444.48 205.22 459.48 216.22
1 448.46 224.66 470.46 243.66
1 403.28 362.24 419.28 379.24
1 340.57 437.29 352.57 452.29
1 369.16 446.41 380.16 463.41
1 299.38 386.66 315.38 401.66
1 337.96 349.35 349.96 360.35
1 319.59 339.64 333.59 364.64
1 273.46 590.02 286.46 605.02
1 304.0 610.5 312.0 624.5
1 318.86 657.26 331.86 675.26
1 736.28 636.95 749.28 653.95
1 635.06 752.33 662.06 769.33
1 535.38 667.42 552.38 687.42
1 476.29 305.47 494.29 324.47
1 497.59 329.05 510.59 347.05
1 476.87 350.33 498.87 363.33
1 509.29 365.49 528.29 377.49
1 477.11 235.49 491.11 251.49
1 502.09 198.41 511.09 215.41
1 486.25 155.44 503.25 175.44
1 530.74 102.34 547.74 123.34
1 549.1 35.3 567.1 46.3
1 574.27 -0.02 596.27 10.98
1 294.23 294.07 307.23 310.07
1 343.32 482.31 358.32 500.31
1 326.1 541.33 347.1 556.33
1 442.58 534.52 465.58 556.52
1 420.59 488.68 439.59 504.68
1 597.72 89.82 619.72 107.82
1 569.01 144.56 587.01 155.56
1 637.05 527.25 651.05 545.25
1 683.51 437.51 700.51 465.51
1 684.39 518.5 702.39 536.5
1 631.11 651.63 646.11 671.63
1 896.67 868.43 919.67 886.43
1 189.25 178.25 205.25 187.25
1 382.52 595.31 389.52 607.31
1 372.35 880.53 386.35 894.53
1 371.49 927.59 389.49 951.59
1 348.46 866.24 366.46 879.24
1 778.4 610.47 800.4 624.47
1 666.07 692.26 686.07 705.26
1 632.98 717.58 654.98 730.58
1 575.07 731.17 597.07 749.17
1 569.93 656.62 584.93 675.62
1 523.51 762.17 537.51 771.17
1 446.0 757.0 460.0 770.0
1 561.0 762.0 581.0 772.0
1 598.0 782.0 613.0 796.0
1 624.0 797.0 633.0 812.0
1 690.0 900.0 706.0 909.0
1 726.0 908.0 740.0 928.0
1 517.0 822.0 529.0 834.0
1 461.0 866.0 478.0 885.0
1 450.0 850.0 461.0 881.0
1 448.4 803.38 462.4 822.38
1 778.68 142.89 802.68 170.89
1 623.12 178.55 642.12 204.55
1 575.3 209.2 602.3 235.2
1 618.59 234.38 641.59 255.38
1 543.65 334.09 557.65 342.09
1 496.06 435.61 512.06 463.61
1 495.43 409.13 515.43 423.13
1 468.07 416.19 488.07 436.19
1 444.08 386.51 464.08 404.51
1 375.04 624.36 397.04 641.36
1 321.78 574.48 347.78 596.48
1 363.01 400.42 378.01 414.42
1 331.66 254.59 349.66 265.59
1 418.44 692.52 433.44 710.52
1 463.57 610.5 484.57 624.5
1 425.2 739.4 437.2 747.4
1 411.72 713.14 433.72 727.14
1 383.38 729.17 407.38 743.17
1 354.94 754.44 367.94 772.44
1 367.34 795.74 383.34 820.74
1 394.34 559.46 420.34 575.46
1 282.27 684.93 291.27 693.93
1 389.15 803.29 408.15 822.29
1 424.4 903.61 442.4 920.61
1 468.3 927.38 490.3 950.38
1 670.53 291.38 689.53 310.38
1 597.18 278.51 620.18 300.51
1 560.5 271.32 579.5 290.32
1 361.38 602.32 377.38 627.32
1 554.26 570.68 567.26 582.68
1 557.0 483.5 567.0 495.5
1 574.23 467.66 584.23 484.66
1 594.56 362.21 613.56 390.21
1 650.15 281.62 667.15 298.62
1 648.51 381.44 659.51 393.44
1 615.36 431.61 631.36 455.61
1 449.26 468.64 460.26 480.64
1 424.28 518.24 441.28 542.24
1 400.5 591.36 418.5 611.36
1 322.28 628.61 335.28 643.61
1 302.08 647.69 319.08 668.69
1 321.16 719.27 337.16 730.27
1 428.26 627.24 454.26 645.24
1 462.23 657.7 479.23 678.7
1 402.14 752.16 427.14 768.16
1 439.54 929.97 452.54 944.97
1 453.42 975.59 469.42 995.59
1 429.26 991.84 440.26 1009.84
1 619.94 542.97 635.94 559.97
1 635.36 563.17 650.36 581.17
1 643.19 598.53 666.19 616.53
1 501.48 461.24 514.48 483.24
1 486.31 519.12 495.31 526.12
1 496.53 540.04 507.53 559.04
1 535.39 586.55 551.39 600.55
1 506.76 646.39 530.76 667.39
1 520.3 617.59 533.3 630.59
1 551.24 873.39 566.24 896.39
1 519.68 976.59 537.68 987.59
1 547.31 972.46 570.31 990.46
1 565.49 985.53 581.49 1002.53
1 490.21 996.21 507.21 1005.21
1 494.27 914.16 516.27 930.16
1 516.95 902.3 529.95 915.3
1 498.57 774.73 514.58 790.73
1 512.2 742.29 529.2 759.29
1 545.03 735.79 563.03 753.79
1 565.5 779.71 582.5 796.71
1 382.5 218.62 397.5 233.62
1 659.49 188.43 684.49 213.43
1 632.19 956.35 653.19 977.35
1 525.16 934.16 540.16 950.16
1 660.5 982.54 687.5 1008.54
1 736.21 955.59 765.21 979.59
1 634.2 837.4 647.2 856.4
1 607.42 827.46 627.42 851.46
1 837.47 840.59 853.47 859.59
1 789.87 911.46 804.87 931.46
1 767.55 986.34 784.55 1007.34
1 535.92 534.03 555.92 553.03
1 511.29 562.57 523.29 573.57
1 537.23 141.4 553.23 157.4
1 686.42 392.96 704.42 417.96
1 626.41 356.26 648.41 373.26
1 588.46 518.1 602.46 530.1
1 570.23 542.16 583.23 554.16
1 544.26 1003.96 557.26 1014.96
1 439.16 355.26 454.16 370.26
1 505.13 301.9 520.13 312.9
1 547.67 6.19 561.67 15.19
1 555.55 73.17 572.55 87.17
1 634.23 402.03 655.23 421.03
1 794.47 432.46 820.47 450.46
1 519.09 847.3 534.09 862.3
1 491.8 960.2 502.8 976.2
1 435.22 969.4 447.22 981.4
1 273.18 1016.41 281.18 1022.41
1 684.54 836.53 695.54 850.53
1 798.38 954.74 821.38 974.74
1 632.28 445.68 653.28 470.68
1 415.07 463.28 433.07 478.28
1 552.54 378.08 567.54 390.08
1 523.5 393.37 543.5 413.37
1 554.44 413.82 572.44 435.82
1 545.01 497.34 564.01 512.34
1 564.05 638.69 584.05 661.69
1 704.31 498.42 726.31 523.42
1 707.28 592.29 722.28 602.29
1 680.6 602.64 699.6 621.64
1 667.58 399.49 684.58 419.49
1 646.4 319.16 668.4 341.16
1 679.32 259.67 706.32 280.67
1 630.2 691.34 659.2 710.34
1 760.48 578.73 791.48 617.73
1 768.1 184.39 805.1 214.39
1 740.85 802.29 753.85 819.29
1 726.42 843.83 749.42 869.83
1 474.95 740.54 492.95 755.54
1 672.34 890.55 686.34 904.55
1 806.44 77.82 824.44 99.82
1 794.8 706.74 807.8 752.74
1 505.5 986.41 518.5 999.41
1 672.35 937.74 698.35 962.74
1 225.21 685.17 244.21 703.17
1 728.1 524.34 757.1 553.34
1 725.53 338.48 754.53 367.48
1 594.2 909.74 619.2 934.74
1 499.05 843.36 522.05 866.36
1 185.22 294.17 205.22 314.17
1 235.5 364.5 252.5 381.5
1 421.38 261.49 441.38 281.49
1 595.24 209.5 623.24 237.5
1 721.26 83.69 737.26 100.69
