0 376.28 372.18 427.28 435.18
0 484.03 318.63 524.03 379.63
0 448.01 405.64 496.01 470.64
0 474.99 484.1 520.99 517.1
0 528.99 486.75 554.99 521.75
0 537.48 437.12 579.48 467.12
0 531.53 414.22 561.53 442.22
0 558.01 364.7 586.01 401.7
0 580.01 382.82 605.01 419.82
0 495.51 380.22 527.51 415.22
0 255.5 438.64 297.5 480.64
0 214.99 330.64 250.99 381.64
0 264.52 310.63 307.52 370.63
0 171.99 308.23 201.99 341.23
0 501.5 234.08 542.5 264.08
0 168.97 191.69 202.97 237.69
0 377.0 159.24 407.0 198.24
0 418.91 166.66 445.91 188.66
0 319.51 271.13 356.51 319.13
0 69.55 277.67 107.55 323.67
0 12.45 408.2 68.45 459.2
0 101.98 459.69 143.98 495.69
0 157.97 430.66 193.97 472.66
0 267.5 910.18 304.5 940.18
0 399.51 821.64 439.51 850.64
0 474.49 743.67 509.49 768.67
0 764.41 719.29 804.41 760.29
0 781.24 808.41 822.24 838.41
0 859.18 890.33 902.18 936.33
0 884.13 858.9 929.13 901.9
0 865.05 980.28 907.05 1009.28
0 720.39 800.46 754.39 830.46
0 665.23 713.24 693.23 743.24
0 693.24 722.6 731.24 752.6
0 793.51 568.12 835.51 609.12
0 826.32 615.36 865.32 667.36
0 903.02 665.56 929.02 701.56
0 869.21 667.41 902.21 714.41
0 880.22 738.44 911.22 758.44
0 914.91 231.44 948.91 259.44
0 720.31 272.62 762.31 312.62
0 708.49 393.59 746.49 442.59
0 787.23 381.45 818.23 410.45
0 814.5 383.52 858.5 440.52
0 648.35 354.15 687.35 400.15
0 52.24 556.55 85.24 583.55
0 77.2 801.46 120.2 839.46
0 98.25 848.2 130.25 873.2
0 568.03 752.41 597.03 775.41
0 618.13 791.53 651.13 820.53
0 808.95 829.49 838.95 867.49
0 651.19 577.79 676.19 609.79
0 676.3 573.55 701.3 623.55
0 783.21 535.64 815.21 560.64
0 738.13 489.13 765.13 507.13
0 798.47 320.1 859.47 364.1
0 617.5 486.73 635.5 521.73
0 592.3 482.46 618.3 535.46
0 867.33 498.49 906.33 551.49
0 884.17 552.27 935.17 592.27
0 458.13 960.16 482.13 977.16
0 603.03 913.25 633.03 944.25
0 572.2 947.64 599.2 975.64
0 672.11 960.61 691.11 988.61
0 793.18 897.65 819.18 929.65
0 136.0 1002.28 168.0 1025.28
0 827.59 452.38 854.59 482.38
0 901.27 373.25 920.27 402.25
0 209.93 616.65 234.93 634.65
0 373.97 903.53 407.97 929.53
0 348.14 945.37 369.14 974.37
0 722.23 342.33 762.23 383.33
0 747.89 401.45 779.89 445.45
2 341.3 546.56 394.3 599.56
2 257.28 630.54 287.28 660.54
2 180.16 631.62 203.16 655.62
2 98.4 709.39 128.4 738.39
2 51.32 598.62 103.32 651.62
2 7.34 592.15 41.34 626.15
2 25.86 522.41 52.86 549.41
2 122.02 678.42 148.02 705.42
2 161.1 770.33 190.1 799.33
2 203.24 779.68 236.24 812.68
2 54.55 938.4 89.55 973.4
2 89.6 913.21 121.6 945.21
2 24.28 976.76 56.28 1009.76
2 288.27 984.22 318.27 1014.22
2 271.55 957.82 299.55 985.82
2 152.68 404.58 190.68 442.58
2 158.17 357.24 191.17 389.24
2 106.13 314.18 167.13 374.18
2 253.35 196.18 287.35 234.18
2 81.85 112.24 122.85 153.24
2 327.4 184.43 367.4 224.43
2 11.34 323.51 55.34 373.51
2 139.72 923.05 152.72 942.05
2 67.16 714.11 92.16 750.11
2 11.44 782.45 39.44 805.45
2 195.91 739.96 209.91 754.96
2 175.02 812.36 193.02 827.36
2 310.26 836.33 339.26 857.33
2 288.95 733.73 306.95 756.73
2 279.06 595.1 319.06 622.1
2 361.12 651.62 395.12 675.62
2 669.84 515.27 716.84 549.27
2 651.11 445.16 703.11 478.16
2 621.63 246.27 675.63 295.27
2 544.3 211.26 588.3 254.26
2 586.5 218.21 619.5 254.21
2 635.48 394.63 674.48 431.63
2 565.01 495.66 597.01 526.66
2 690.01 666.08 734.01 710.08
2 662.5 630.18 705.5 677.18
2 918.08 536.33 963.08 578.33
2 963.97 657.7 995.97 688.7
2 917.01 836.15 971.01 892.15
2 727.44 575.05 778.44 629.05
2 497.98 804.58 545.98 854.58
2 568.55 823.5 595.55 854.5
2 499.98 915.45 529.98 945.45
2 476.15 934.21 497.15 955.21
2 450.31 906.53 480.31 936.53
2 646.21 957.38 672.21 982.38
2 637.18 813.38 657.18 833.38
2 930.06 713.56 963.06 765.56
2 858.97 763.5 890.97 816.5
2 713.32 202.5 741.32 249.5
2 841.99 307.42 875.99 342.42
2 826.98 403.54 846.98 438.54
2 447.01 516.33 470.01 553.33
2 200.45 529.78 223.45 564.78
2 450.25 649.25 468.25 673.25
2 623.49 713.06 642.49 744.06
2 951.19 587.04 998.19 621.04
2 897.21 594.73 932.21 654.73
2 919.25 908.74 975.25 948.74
2 819.55 966.18 843.55 982.18
2 184.58 390.14 206.58 425.14
2 37.38 495.45 61.38 534.45
2 60.3 292.4 78.3 315.4
2 300.09 646.23 318.09 675.23
2 767.33 249.16 816.33 278.16
2 936.26 355.59 988.26 408.59
2 333.97 304.31 413.97 385.31
2 280.23 380.51 351.23 458.51
2 962.0 971.12 1006.0 1015.12
2 348.22 462.17 405.22 518.17
2 451.76 799.51 470.76 818.51
2 488.23 770.54 515.23 800.54
2 251.99 721.51 276.99 748.51
2 324.22 794.53 350.22 822.53
2 746.35 826.57 773.35 853.57
2 643.5 882.54 677.5 916.54
2 484.19 844.39 505.19 864.39
2 446.32 862.46 458.32 877.46
2 365.1 754.58 384.1 778.58
2 579.25 871.52 607.25 895.52
2 952.02 496.07 999.02 541.07
2 905.49 444.17 956.49 512.17
2 720.98 485.21 779.98 549.21
2 160.53 130.45 183.53 172.45
2 560.31 677.39 588.31 726.39
2 113.44 590.65 140.44 613.65
2 678.25 147.54 723.25 176.54
2 142.47 539.37 174.47 556.37
2 145.61 511.34 179.61 533.34
2 493.94 267.58 527.94 334.58
2 551.47 567.36 596.47 623.36
2 407.63 962.22 432.63 989.22
2 675.47 789.53 703.47 820.53
2 768.5 941.51 807.5 981.51
2 816.15 993.98 849.15 1024.98
2 369.38 600.5 400.38 631.5
2 226.5 410.06 261.5 445.06
2 181.23 480.52 201.23 501.52
2 126.43 939.29 149.43 961.29
2 411.52 715.1 436.52 740.1
2 733.15 892.53 759.15 923.53
2 619.11 976.64 643.11 1002.64
2 982.93 696.27 1017.93 723.27
2 996.37 744.3 1022.37 762.3
2 887.29 782.57 924.29 820.57
2 94.38 421.84 121.38 448.84
2 198.43 654.37 225.43 681.37
2 694.11 976.48 714.11 997.48
2 346.38 714.62 370.38 748.62
1 463.02 269.64 480.02 285.64
1 391.52 266.04 403.52 281.04
1 114.35 253.01 132.35 272.01
1 21.58 274.51 35.58 287.51
1 94.62 455.2 108.62 471.2
1 68.1 508.63 88.1 529.63
1 147.36 587.47 157.36 597.47
1 175.97 558.39 198.97 581.39
1 254.14 616.62 270.14 633.62
1 318.0 639.29 333.0 654.29
1 307.0 691.51 324.0 709.51
1 389.32 567.4 420.32 599.4
1 482.05 639.3 505.05 662.3
1 511.56 655.61 532.56 678.61
1 485.5 606.21 506.5 621.21
1 393.02 755.35 429.02 786.35
1 209.95 708.39 231.95 731.39
1 186.48 695.39 211.48 713.39
1 171.79 729.16 184.79 747.16
1 114.14 745.33 123.14 758.33
1 118.11 785.29 135.11 802.29
1 141.6 840.43 157.6 859.43
1 162.43 896.53 189.43 922.53
1 191.38 900.29 211.38 920.29
1 199.77 855.49 220.77 884.49
1 219.33 838.11 229.33 852.11
1 231.41 872.46 250.41 894.46
1 255.25 834.36 270.25 848.36
1 263.51 853.42 290.51 880.42
1 187.18 957.29 202.18 976.29
1 197.43 986.4 216.43 1004.4
1 226.9 975.83 241.9 995.83
1 246.97 984.73 264.97 1002.73
1 82.49 837.69 101.49 856.69
1 47.98 681.52 78.98 703.52
1 21.95 700.16 35.95 716.16
1 25.3 876.09 44.3 901.09
1 327.31 720.71 341.31 743.71
1 306.96 739.5 320.96 757.5
1 117.39 977.71 135.38 994.71
1 87.29 964.6 101.29 979.6
1 28.37 928.62 46.37 945.62
1 -0.82 986.2 16.18 1009.2
1 344.51 886.57 369.51 910.57
1 379.29 845.45 396.29 861.45
1 378.44 809.76 398.44 829.76
1 353.12 699.13 368.12 715.13
1 512.35 706.5 540.35 732.5
1 458.69 683.6 498.69 704.6
1 564.0 801.11 578.0 815.11
1 542.49 882.43 565.49 905.43
1 524.19 910.66 545.19 931.66
1 703.28 857.66 729.28 884.66
1 665.49 764.35 690.49 791.35
1 635.38 772.39 655.38 795.39
1 688.68 813.71 710.68 833.71
1 713.15 950.18 730.15 966.18
1 671.36 938.68 691.36 959.68
1 600.51 980.59 625.51 1004.59
1 573.49 998.35 596.49 1023.35
1 430.62 1002.16 442.62 1014.16
1 701.02 321.33 717.02 338.33
1 730.16 119.6 747.16 136.6
1 896.34 343.22 912.34 358.22
1 905.47 267.67 926.47 290.67
1 940.49 165.68 961.49 186.68
1 892.1 457.34 909.1 476.34
1 811.49 740.39 834.49 763.39
1 748.17 646.23 771.17 668.23
1 928.04 808.24 950.04 828.24
1 995.14 769.24 1010.14 782.24
1 827.39 918.51 841.39 932.51
1 773.54 912.43 788.54 928.43
1 756.65 989.74 780.65 1012.74
1 740.83 992.14 753.83 1006.14
1 253.34 306.62 269.34 321.62
1 355.5 94.47 372.5 110.47
1 43.47 67.98 58.47 84.98
1 577.14 610.33 612.14 643.33
1 411.35 905.04 440.35 941.04
1 341.51 819.97 363.51 841.97
1 256.04 902.51 272.04 918.51
1 312.26 507.51 358.26 543.51
