0 717.16 232.94 760.16 265.94
0 558.13 241.55 615.13 278.55
0 585.62 436.4 623.62 465.4
0 829.22 357.59 889.22 398.59
0 800.5 180.56 855.5 219.56
0 834.9 113.96 879.9 176.96
0 388.0 245.13 432.0 275.13
0 234.29 756.56 287.29 791.56
0 678.41 769.08 724.41 799.08
0 971.85 956.02 1026.85 1003.02
0 171.38 912.31 207.38 965.31
0 850.11 975.08 887.11 1017.08
0 949.02 784.26 999.02 817.26
0 682.41 13.34 729.41 45.34
2 216.16 522.45 277.16 584.45
2 659.5 433.61 708.5 482.61
2 433.0 391.0 483.0 441.0
2 445.1 188.63 484.1 227.63
2 691.39 148.56 735.39 191.56
2 767.5 31.57 820.5 84.57
2 853.01 -0.91 915.01 58.09
2 955.87 605.24 1025.87 680.24
2 764.99 787.12 806.99 829.12
2 548.67 938.68 600.67 990.68
2 561.92 969.33 609.92 1017.33
2 457.25 920.29 509.25 973.29
2 423.5 694.36 468.5 739.36
2 54.46 680.24 96.46 721.24
2 91.22 774.59 134.22 817.59
2 226.17 948.34 263.17 985.34
2 635.0 854.48 689.0 908.48
2 765.54 906.53 811.54 952.53
2 588.1 516.61 621.1 550.61
2 954.21 119.31 1003.21 167.31
2 165.98 312.19 201.98 348.19
2 231.53 842.3 272.53 883.3
2 694.23 525.31 739.23 569.31
2 666.47 961.95 709.47 1004.95
2 914.26 424.3 955.26 465.3
2 585.25 606.42 617.25 639.42
2 872.68 773.23 916.68 800.23
2 880.49 791.34 930.49 827.34
2 911.29 530.98 959.29 563.98
2 710.91 304.81 732.91 336.81
2 483.08 776.92 513.08 801.92
2 386.0 979.15 407.0 1009.15
2 696.07 377.09 737.07 419.09
2 44.4 228.66 78.4 255.66
1 61.26 31.71 85.26 56.71
1 40.0 116.0 56.0 132.0
1 98.5 119.34 121.5 142.34
1 116.98 34.5 150.98 68.5
1 110.5 162.01 141.5 193.01
1 162.5 55.37 193.5 86.37
1 208.87 87.7 233.87 112.7
1 263.29 86.75 294.29 117.75
1 203.3 147.55 227.3 171.55
1 179.3 231.55 203.3 255.55
1 138.5 236.62 153.5 251.62
1 74.18 302.43 99.18 327.43
1 67.23 375.45 90.23 398.45
1 41.32 394.43 65.32 419.43
1 27.59 530.52 53.59 556.52
1 24.14 720.56 49.14 746.56
1 59.13 852.1 86.13 879.1
1 111.05 499.36 134.05 522.36
1 130.5 763.34 153.5 786.34
1 50.0 924.12 70.0 944.12
1 154.25 934.69 176.25 957.69
1 325.28 945.51 353.28 973.51
1 334.25 865.48 359.25 889.48
1 378.35 799.24 404.35 825.24
1 314.45 749.23 344.45 779.23
1 191.8 688.05 218.8 715.05
1 209.0 580.32 231.0 601.32
1 217.26 345.75 245.26 374.75
1 199.5 361.08 224.5 386.08
1 169.07 482.58 195.07 508.58
1 312.99 385.8 334.99 407.8
1 307.38 342.25 331.38 366.25
1 281.06 236.57 315.06 270.57
1 317.0 136.31 339.0 157.31
1 338.19 120.35 359.19 141.35
1 385.18 105.43 412.18 132.43
1 416.18 40.29 453.18 77.29
1 497.0 79.26 523.0 105.26
1 513.0 -0.76 551.0 34.24
1 533.5 113.65 562.5 142.65
1 545.23 143.39 576.23 174.39
1 629.16 134.1 652.16 157.1
1 653.15 186.63 672.15 205.63
1 748.04 130.67 777.04 160.67
1 806.34 121.38 823.34 137.38
1 937.36 47.6 969.36 79.6
1 912.0 37.45 928.0 53.45
1 893.28 -0.5 913.28 14.5
1 393.1 393.56 416.1 417.56
1 353.27 404.19 385.27 436.19
1 314.31 488.57 340.31 514.58
1 395.48 505.49 420.48 529.49
1 507.66 473.18 529.66 495.18
1 175.49 441.5 204.49 469.5
1 313.21 615.46 341.21 643.46
1 360.0 567.5 388.0 595.5
1 411.81 582.68 442.81 613.68
1 419.62 658.51 437.62 676.51
1 477.11 679.33 500.11 702.33
1 414.3 855.18 432.3 873.18
1 424.0 879.39 444.0 899.39
1 393.07 897.4 420.07 924.4
1 575.09 871.39 606.09 902.39
1 508.5 942.73 531.5 965.73
1 540.51 753.43 567.51 780.43
1 571.41 685.31 591.41 704.31
1 524.0 530.4 548.0 555.4
1 506.5 500.11 537.5 531.11
1 467.67 436.56 489.67 458.56
1 406.15 346.4 427.15 367.4
1 650.29 727.46 679.29 755.46
1 637.29 896.22 661.29 920.22
1 566.4 653.36 588.4 676.36
1 573.2 316.05 600.2 343.05
1 563.37 425.54 583.37 445.54
1 626.18 468.21 651.18 492.21
1 660.36 581.15 694.36 615.15
1 461.14 288.11 492.14 319.11
1 407.81 224.04 426.81 243.04
1 471.74 237.26 482.74 248.26
1 669.12 3.38 692.12 26.38
1 782.17 342.35 803.17 363.35
1 790.16 426.43 807.16 443.43
1 786.38 496.59 812.38 522.59
1 864.47 343.41 895.47 374.41
1 871.28 566.79 899.28 594.79
1 775.86 873.37 794.86 892.37
1 788.99 827.18 802.99 841.18
1 818.36 872.56 844.36 898.56
1 859.52 903.66 876.52 920.66
1 907.38 1008.19 931.38 1025.19
1 948.24 488.18 969.24 508.18
