0 571.3 592.23 671.3 653.23
0 614.0 478.05 730.0 546.05
0 709.59 660.98 751.59 733.98
0 740.53 315.1 819.53 421.1
0 678.78 142.37 747.78 215.37
0 701.22 859.96 772.22 910.96
0 428.45 374.51 483.45 428.51
0 460.19 487.4 521.19 531.4
0 535.65 759.22 585.65 822.22
0 547.25 840.11 611.25 884.11
0 621.94 103.42 677.94 159.42
2 109.18 728.29 150.18 769.29
2 66.99 517.64 132.99 582.64
2 251.45 427.23 308.45 482.23
2 197.25 285.21 245.25 332.21
2 91.24 984.63 145.24 1026.63
2 449.49 878.36 530.49 956.36
2 384.95 916.5 458.95 990.5
2 589.27 711.84 664.27 802.84
2 56.72 392.26 92.72 433.26
2 58.35 471.09 96.35 505.09
2 553.34 151.91 601.34 198.91
2 458.63 291.49 502.63 335.49
2 711.16 27.13 782.16 101.13
2 549.2 319.17 624.2 389.17
2 416.23 780.63 493.23 851.63
2 477.06 243.47 527.07 283.47
2 391.06 101.52 425.06 149.52
2 283.19 154.6 322.19 181.6
2 258.27 806.16 291.27 854.16
2 169.25 607.5 204.25 655.5
2 723.09 767.51 766.09 799.51
1 217.5 539.74 242.5 564.74
1 508.23 575.45 545.23 611.45
1 488.39 657.56 510.39 681.56
1 330.24 778.32 351.24 799.32
1 180.37 751.12 218.37 789.12
1 66.36 886.52 92.36 912.52
1 84.19 805.31 113.19 832.31
1 80.14 830.79 105.14 857.79
1 16.29 585.07 46.29 614.07
1 137.9 423.35 168.9 454.35
1 216.07 412.43 245.07 441.43
1 337.61 477.34 359.61 500.34
1 369.48 436.46 386.48 453.46
1 373.32 363.57 393.32 383.57
1 386.2 396.47 411.2 421.47
1 293.37 230.74 317.37 253.74
1 376.78 176.37 397.78 197.37
1 320.97 91.39 342.97 114.39
1 328.99 56.05 354.99 83.05
1 441.45 112.59 466.45 138.59
1 486.28 101.5 512.28 128.5
1 257.49 103.52 278.49 123.52
1 164.72 128.48 189.72 153.48
1 167.35 93.71 195.35 118.71
1 80.91 107.25 109.91 137.25
1 119.51 165.67 140.51 186.67
1 24.97 173.36 54.97 204.36
1 89.0 220.72 115.0 247.72
1 141.36 304.24 165.36 328.24
1 260.58 660.4 280.58 681.4
1 74.02 629.9 114.02 668.9
1 232.01 260.17 252.01 280.17
1 288.28 889.4 318.28 916.4
1 7.3 492.4 26.3 513.4
1 413.3 631.67 433.3 652.67
1 462.33 621.59 484.33 645.59
1 394.93 547.27 416.93 566.27
1 729.18 316.4 752.18 337.4
1 241.94 326.16 261.94 346.16
1 569.52 47.72 594.52 72.72
1 149.18 846.7 172.18 869.7
1 303.32 732.7 331.32 759.7
1 253.46 575.5 278.46 599.5
1 277.46 639.5 302.46 663.5
1 96.63 350.37 116.63 371.37
1 441.19 345.54 464.19 369.54
1 259.24 240.71 282.24 271.71
1 378.44 759.78 400.44 777.78
1 346.46 630.67 373.46 660.67
1 315.94 849.61 339.94 877.61
1 356.95 850.23 378.95 878.23
1 5.97 950.32 25.98 975.32
1 5.91 818.67 29.91 841.67
1 75.26 15.3 99.26 38.3
1 107.89 201.42 130.89 221.42
1 334.97 236.76 356.97 263.76
1 816.57 629.2 844.57 655.2
