0 209.03 211.14 259.03 273.14
0 107.21 397.63 146.21 446.63
0 190.64 397.9 222.64 439.9
0 194.99 639.68 244.99 681.68
0 203.57 607.7 220.57 624.7
0 324.18 290.32 365.18 331.32
0 333.77 320.52 392.77 382.52
0 122.54 975.07 181.54 1009.07
0 569.28 838.31 593.28 875.31
0 550.83 906.29 591.83 967.29
0 695.96 928.48 735.96 982.48
0 531.82 392.51 610.82 466.51
0 631.5 379.43 704.5 435.43
0 768.97 116.78 811.97 164.78
0 860.45 267.43 899.45 303.43
0 519.11 6.63 549.11 29.63
0 302.08 955.33 342.08 990.33
0 308.02 875.38 332.02 898.38
0 743.36 946.37 763.36 975.37
0 45.88 851.89 64.88 881.89
2 8.93 209.49 34.93 236.49
2 17.2 244.05 44.2 271.05
2 32.19 524.3 69.19 561.3
2 405.24 467.41 429.24 491.41
2 402.15 497.08 435.15 530.08
2 801.99 283.24 845.99 326.24
2 966.2 62.21 1011.2 107.21
2 934.57 41.57 974.57 81.57
1 909.5 530.57 930.5 552.57
1 521.23 583.44 536.23 598.44
1 312.15 645.4 329.15 661.4
1 310.37 682.53 332.37 704.53
1 209.35 923.66 229.35 944.66
1 180.0 933.45 196.0 949.45
1 98.34 308.25 112.34 321.25
1 332.15 706.35 349.15 723.35
1 26.0 106.63 38.0 118.63
1 399.11 816.27 414.11 832.27
