0 343.47 609.15 404.47 679.15
0 648.54 786.59 715.54 845.59
0 441.06 640.35 465.06 658.35
2 260.24 206.05 273.24 279.05
2 107.23 492.13 126.23 531.13
1 796.0 161.19 824.0 189.19
1 104.47 495.75 127.47 532.75
1 160.44 674.19 181.44 694.19
1 190.97 678.7 214.97 701.7
1 115.05 654.67 135.05 673.67
1 447.5 596.71 472.5 621.71
1 450.69 686.17 477.69 710.17
1 589.5 846.69 622.5 879.69
1 760.49 941.6 779.49 960.6
1 975.51 431.69 998.51 454.69
1 12.51 779.69 31.51 798.69
1 509.02 882.24 531.02 904.24
1 807.5 3.74 836.5 32.74
