0 519.29 68.39 578.29 117.39
0 662.27 639.59 718.27 702.59
0 684.32 361.7 724.32 426.7
0 230.12 849.62 277.12 924.62
0 457.15 887.64 530.15 982.64
0 288.0 103.03 340.0 149.03
0 136.38 65.32 178.38 124.32
0 83.0 89.52 125.0 145.52
0 642.1 831.37 683.1 860.37
0 613.03 775.13 653.03 814.13
0 984.12 935.28 1017.12 983.28
0 565.18 562.13 601.18 590.13
0 870.45 938.69 888.45 974.69
0 230.2 775.49 258.2 820.49
0 446.04 593.1 494.04 653.1
0 709.0 834.39 741.0 864.39
0 597.49 402.09 645.49 438.09
0 341.97 543.08 378.97 596.08
0 884.0 508.2 921.0 540.2
0 278.52 282.47 359.52 370.47
0 441.5 740.1 489.5 777.1
0 464.51 797.63 506.51 823.63
2 837.3 160.39 869.3 193.39
2 130.14 197.31 173.14 240.31
2 191.17 969.59 237.17 1015.59
2 230.15 731.61 252.15 750.61
2 72.55 171.22 126.55 254.22
2 848.5 431.32 868.5 451.32
2 459.97 262.13 495.97 299.13
2 220.26 609.41 281.26 659.41
2 233.59 143.28 258.6 166.28
1 219.1 266.42 243.1 292.42
1 239.24 325.51 260.24 366.51
1 161.42 378.13 175.42 399.13
1 257.01 406.42 283.01 433.42
1 298.04 421.53 323.04 447.53
1 316.04 451.42 338.04 474.42
1 272.27 476.39 293.27 496.39
1 112.34 469.47 128.34 485.47
1 346.17 465.2 364.17 485.2
1 297.46 520.28 312.46 537.28
1 521.34 519.48 539.34 538.48
1 540.3 534.27 558.3 552.27
1 689.25 543.22 717.25 571.22
1 672.99 573.55 684.99 585.55
1 876.26 654.39 899.26 678.39
1 925.26 528.54 950.26 553.54
1 954.25 669.63 975.25 690.63
1 945.25 610.44 962.25 628.44
1 956.35 496.72 979.35 520.72
1 992.32 446.42 1012.32 465.42
1 955.25 104.52 973.25 125.52
1 996.52 93.44 1015.52 108.44
1 791.11 23.37 810.11 41.37
1 786.01 55.42 817.01 78.42
1 988.53 693.75 1009.53 715.75
1 938.29 805.48 968.29 838.48
1 779.24 932.47 811.24 964.47
1 742.01 980.6 759.01 997.6
1 730.27 883.72 759.27 912.72
1 729.24 689.46 758.24 717.46
1 772.5 407.75 797.5 432.75
1 738.05 344.23 767.05 373.23
1 844.35 277.49 862.35 295.49
1 527.31 189.65 549.31 211.65
1 493.99 197.6 508.99 212.6
1 581.43 755.47 599.43 773.47
1 604.28 965.36 620.28 980.36
1 527.07 874.74 548.07 898.74
1 694.03 1002.43 713.03 1019.43
1 417.27 261.71 444.27 288.71
1 409.98 102.22 437.98 130.22
1 451.51 770.4 470.51 788.4
1 359.12 721.47 384.12 756.47
1 361.83 814.6 379.83 833.6
1 297.19 894.51 320.19 922.51
1 282.93 926.48 310.93 951.48
1 442.3 999.63 461.3 1013.63
1 397.5 990.81 416.5 1015.81
1 158.99 845.19 190.99 868.19
1 132.5 577.68 172.5 615.68
1 177.0 76.51 205.0 101.51
1 497.93 743.73 521.93 768.73
1 539.0 647.66 564.0 665.66
1 490.01 835.41 533.01 873.41
1 491.29 516.37 509.29 532.37
1 302.15 245.16 330.15 270.16
1 268.24 1.53 292.24 25.53
1 106.91 284.81 168.91 332.81
1 568.33 985.82 593.33 1024.82
1 915.12 927.25 958.12 970.25
1 662.19 909.52 683.19 924.52
1 93.36 802.77 108.36 822.77
1 116.4 853.44 130.4 873.44
1 -0.72 665.91 16.28 694.91
1 58.05 656.51 73.05 668.51
1 108.11 492.95 143.12 527.95
1 556.08 197.49 582.08 221.49
