0 170.51 365.54 313.51 546.54
0 27.27 13.19 82.27 64.19
0 6.82 38.21 59.82 99.21
0 364.19 89.42 409.19 133.42
0 288.35 144.32 318.35 173.32
0 699.2 854.05 798.2 922.05
0 594.25 756.15 623.25 776.15
0 570.53 765.14 645.53 831.14
0 142.08 606.21 251.08 739.21
0 442.57 994.68 473.57 1021.68
0 827.5 835.42 944.5 979.42
0 807.1 919.4 902.1 1015.4
0 912.69 759.54 948.69 803.54
0 100.61 835.58 123.61 859.58
0 148.82 873.16 169.82 902.16
0 200.61 81.19 227.61 103.19
0 933.04 702.54 955.04 732.54
2 154.86 280.27 207.86 333.27
2 560.47 368.6 655.47 463.6
2 575.22 269.22 798.22 512.22
2 468.5 366.44 687.5 592.43
2 32.2 714.72 69.2 885.72
1 81.98 332.44 105.98 365.44
1 412.51 557.31 435.51 591.31
1 754.16 658.18 783.16 678.18
1 609.0 82.3 647.0 107.3
1 810.3 103.39 836.3 126.39
1 890.14 228.66 911.14 247.66
1 954.49 209.16 973.49 231.16
1 827.29 834.18 854.29 862.18
1 733.4 840.29 759.4 861.29
1 556.29 840.35 582.29 861.35
1 463.18 790.31 485.18 807.31
1 506.35 803.49 524.35 826.49
1 339.82 523.6 362.82 536.6
1 355.27 543.4 379.27 567.4
1 868.07 323.71 893.07 341.71
1 76.18 205.25 98.18 224.25
1 250.98 362.55 268.98 388.55
