0 407.23 3.57 450.23 44.57
0 112.41 107.36 138.41 130.36
0 109.99 45.57 137.99 69.57
0 85.05 48.54 107.05 70.54
0 147.26 175.44 163.26 194.44
0 96.36 167.52 126.36 203.52
0 85.36 522.12 129.36 562.12
0 171.02 572.65 209.02 607.65
0 183.33 553.73 211.33 578.73
0 223.85 605.25 242.85 627.25
0 397.48 583.75 422.48 612.75
0 346.3 549.38 372.3 572.38
0 191.47 250.29 296.47 379.29
0 384.95 322.28 497.95 455.28
0 418.32 92.32 560.32 258.32
0 466.03 806.27 546.03 887.27
0 475.99 770.64 523.99 806.64
0 713.15 920.6 781.15 963.6
0 923.43 914.5 959.43 960.5
0 834.4 469.4 876.4 496.4
0 328.33 50.61 346.33 80.61
0 815.5 484.25 896.5 545.25
2 23.48 229.67 60.48 266.67
2 802.5 73.91 909.5 180.91
2 690.42 705.45 724.42 740.45
2 282.18 434.65 307.18 520.65
2 295.35 540.33 315.35 604.33
2 368.17 965.09 421.17 987.09
2 555.89 825.45 650.89 853.45
1 479.28 942.17 506.28 962.17
1 651.02 948.23 681.02 978.23
1 660.0 280.86 688.0 308.86
1 586.14 236.59 607.14 258.59
1 600.48 261.42 623.48 284.42
1 974.42 553.28 1005.42 580.28
1 498.04 85.28 518.04 104.28
1 240.2 379.52 261.2 399.52
1 705.03 503.84 727.03 525.84
1 999.22 369.37 1022.22 392.37
1 791.27 220.58 814.27 238.58
