0 31.06 167.34 118.06 242.34
0 122.49 107.53 153.49 127.53
0 481.96 408.5 557.96 502.5
0 427.99 530.48 495.99 604.48
0 534.86 548.19 583.86 589.19
0 549.46 747.94 589.46 794.94
0 509.24 783.48 565.24 831.48
0 397.96 826.17 433.96 866.17
0 862.49 31.71 965.49 149.71
0 831.5 314.11 908.5 386.11
0 808.48 636.43 927.48 758.43
0 611.48 654.65 644.48 705.65
0 779.27 734.64 811.27 772.64
0 766.3 773.6 828.3 834.6
0 11.47 619.59 64.47 664.59
0 257.13 835.13 292.13 865.13
0 307.03 480.55 333.03 510.55
0 46.32 334.39 80.32 371.39
0 289.96 573.39 313.96 600.39
0 334.91 362.24 363.91 390.24
0 398.53 30.55 429.53 56.55
0 787.56 185.22 816.56 215.22
0 659.39 836.55 683.39 858.55
0 264.13 712.46 285.13 734.46
2 654.11 946.32 727.11 1019.32
1 34.34 807.17 72.34 841.17
1 184.08 148.54 221.08 186.54
1 510.99 303.19 532.99 325.19
1 879.59 490.38 901.59 522.38
1 882.38 819.26 904.38 849.26
1 936.47 849.57 955.47 869.57
1 701.22 803.21 720.22 821.21
1 681.82 897.95 707.82 923.95
1 800.06 928.38 820.06 949.38
1 620.53 371.59 636.53 391.59
1 681.54 424.14 699.54 444.14
1 663.15 390.76 686.15 425.76
1 631.12 343.33 654.12 366.33
1 197.17 652.62 220.17 686.62
1 589.71 47.17 611.71 65.17
1 140.38 467.23 158.38 489.23
1 385.16 589.24 404.16 607.24
1 624.3 487.42 641.3 507.42
1 239.97 988.53 262.98 1010.53
1 926.67 709.67 951.67 741.67
1 414.4 986.66 436.4 1008.66
1 959.14 293.45 1010.14 329.45
