0 39.39 94.25 99.39 147.25
0 67.74 216.65 130.74 283.65
0 226.26 431.64 299.26 512.64
0 248.19 189.25 357.19 368.25
0 408.24 43.34 517.24 151.34
0 779.15 523.29 926.15 642.29
0 414.22 126.6 439.22 141.6
0 355.63 331.93 413.63 414.93
0 386.01 639.14 426.01 685.14
0 169.65 785.31 327.65 957.31
0 80.28 834.56 181.28 957.56
0 560.66 278.23 604.66 319.23
0 784.49 186.49 835.49 252.49
0 912.0 744.02 968.0 784.02
0 632.0 867.35 668.0 918.35
0 399.53 785.6 420.53 809.6
0 398.34 880.64 419.34 899.64
0 943.18 458.69 974.18 501.69
0 879.1 303.68 906.1 332.68
0 975.32 170.51 995.32 199.51
0 606.1 56.56 627.1 78.56
0 575.7 134.36 598.7 155.36
0 442.04 258.34 470.04 283.34
0 979.63 973.39 1001.63 1000.39
0 843.32 847.66 879.32 880.66
0 870.4 62.17 884.4 78.17
0 914.35 444.55 940.35 462.55
0 118.0 346.67 134.0 369.67
2 228.01 296.13 268.01 336.13
2 767.54 108.5 824.54 166.5
2 644.01 538.21 664.01 558.21
2 768.5 6.73 791.5 29.73
2 449.85 932.75 480.85 963.75
2 126.6 545.57 146.6 589.57
2 501.2 412.67 557.2 428.67
2 518.59 370.44 553.59 380.44
2 529.0 187.52 739.0 216.52
2 783.52 385.67 824.52 403.67
2 760.0 195.5 788.0 223.5
2 784.04 918.67 813.04 948.67
2 926.97 504.29 968.97 545.29
1 324.35 647.69 346.35 668.69
1 737.32 708.65 765.32 735.65
1 923.52 720.46 948.52 745.46
1 725.3 599.51 745.3 619.51
1 677.83 654.03 696.83 673.03
1 519.29 627.7 543.29 652.7
1 475.0 491.23 497.0 513.23
1 451.0 306.52 473.0 328.52
1 608.17 812.39 625.17 829.39
1 489.0 826.33 519.0 840.33
1 900.42 662.73 922.42 685.73
1 309.35 546.76 329.35 566.76
1 31.99 749.53 47.99 765.53
