0 184.51 211.01 433.51 359.01
0 407.5 496.08 498.5 584.08
0 678.52 207.11 757.52 287.11
0 851.98 492.07 947.98 574.07
0 863.56 761.64 920.56 812.64
0 409.56 923.3 548.56 1029.3
0 249.52 556.26 324.52 653.26
0 229.01 425.23 270.01 477.23
0 933.29 315.39 999.29 365.39
2 706.99 453.62 761.99 508.62
2 176.5 -0.6 213.5 112.4
2 908.5 104.56 941.5 137.56
1 587.16 362.38 640.16 388.38
1 526.99 226.35 563.99 252.35
1 701.62 342.56 725.62 364.56
1 870.15 340.35 905.15 377.35
1 908.2 595.0 951.2 632.0
1 982.36 634.26 1006.36 658.26
1 588.52 427.43 613.52 450.43
1 914.0 892.21 946.0 920.21
1 975.02 938.66 1009.02 973.66
1 505.51 888.68 532.51 911.68
1 113.52 343.1 156.52 389.1
1 92.45 474.2 113.45 496.2
1 135.5 129.1 174.5 173.1
1 66.53 94.69 103.53 129.69
1 224.17 901.37 265.17 939.37
1 385.15 712.29 404.15 734.29
1 35.02 767.74 61.02 794.74
1 33.01 431.24 57.01 454.24
1 435.0 -1.16 471.0 34.84
1 740.98 825.21 765.98 847.21
1 95.02 150.18 126.02 186.18
