0 316.99 725.09 454.99 915.09
0 843.02 874.09 937.02 974.09
0 1312.54 774.07 1399.54 846.07
0 1241.97 931.22 1305.97 1025.22
0 836.0 568.07 960.0 700.07
0 555.51 1077.56 676.51 1154.56
0 1683.99 783.52 1787.99 848.52
0 1689.96 960.07 1801.96 1076.07
0 1926.8 879.5 2048.8 968.5
0 1302.96 1102.6 1380.96 1157.6
0 1843.98 637.02 2031.98 755.02
0 715.46 1465.13 780.46 1507.13
0 803.99 1312.11 851.99 1360.11
0 1114.08 1301.1 1194.08 1363.1
0 1072.02 1062.19 1108.02 1102.19
0 464.49 1009.61 543.49 1114.61
0 1906.97 1538.69 1976.97 1637.69
0 1820.98 1852.2 1878.98 1944.2
0 1397.04 695.06 1515.04 785.06
2 231.48 1657.53 344.48 1770.53
2 211.45 858.13 292.45 938.13
2 24.53 1544.65 87.53 1607.65
2 546.52 1875.06 641.52 1969.06
2 861.48 797.05 1110.48 1043.05
2 1576.02 1184.05 1660.02 1268.05
2 1468.97 1571.61 1526.97 1628.61
2 1239.64 1465.98 1328.64 1505.98
2 923.75 1506.46 972.75 1525.46
2 1583.61 1467.05 1664.61 1505.05
2 1760.01 1311.58 1816.01 1436.58
2 1927.49 1210.62 1984.49 1289.62
2 1830.53 1679.7 1857.53 1732.7
2 1634.0 910.65 1694.0 1001.65
2 579.0 1479.64 629.0 1596.64
2 479.55 1580.09 552.55 1616.09
2 1835.54 1322.02 1932.54 1370.02
2 773.5 1158.61 842.5 1257.61
2 658.49 1075.56 777.49 1152.56
2 1075.49 1155.21 1124.49 1225.21
2 1560.04 1831.66 1588.04 1880.66
2 811.99 1621.12 895.99 1715.12
2 5.0 731.14 83.0 865.14
1 391.51 1401.14 460.51 1467.14
1 617.03 1277.65 679.03 1342.65
1 465.51 1196.59 522.51 1251.59
1 287.5 1284.09 384.5 1376.09
1 119.5 1376.23 140.5 1396.23
1 67.48 1468.16 140.48 1536.16
1 52.03 1739.67 120.03 1812.67
1 158.51 1455.62 201.51 1496.62
1 67.0 1916.1 109.0 1960.1
1 263.01 1842.58 313.01 1893.58
1 369.53 1875.61 422.53 1928.61
1 727.01 1940.13 765.01 1976.13
1 742.51 1773.55 789.51 1818.55
1 995.97 1538.15 1031.97 1574.15
1 971.47 1418.07 1060.47 1502.07
1 1074.01 1494.64 1130.01 1549.64
1 1251.53 1764.1 1296.53 1808.1
1 1310.01 1636.15 1374.01 1700.15
1 1404.47 1332.09 1487.47 1416.09
1 1560.99 1079.11 1646.99 1165.11
1 1633.03 1295.71 1659.03 1320.71
1 1748.99 1194.63 1786.99 1233.63
1 1788.51 1059.12 1843.51 1113.12
1 1911.47 1063.21 1976.47 1125.21
1 1667.48 1780.16 1740.48 1848.16
1 1548.0 1900.12 1624.0 1972.12
1 1381.51 1907.15 1442.51 1965.15
1 1302.5 1888.22 1329.5 1916.22
1 1490.52 1761.12 1529.52 1799.12
1 1042.49 1923.08 1093.49 1973.08
1 908.03 1948.52 960.03 1999.52
1 913.97 1834.68 977.97 1901.68
1 975.5 1169.08 1020.5 1211.08
1 942.99 1052.11 1000.99 1108.11
1 339.03 996.06 441.03 1092.06
1 205.01 1018.19 271.01 1082.19
1 135.02 1126.12 177.02 1166.12
1 94.0 1191.61 150.0 1244.61
1 166.48 1249.23 193.48 1275.23
1 759.98 743.19 795.98 781.19
1 859.5 1064.05 948.5 1148.05
1 1968.95 1877.6 2014.95 1922.6
1 1680.95 2001.6 1726.95 2046.6
1 1481.51 1987.19 1514.51 2021.19
1 672.0 1547.03 724.0 1597.03
1 699.99 1245.18 763.99 1307.18
1 1681.46 1400.61 1726.46 1443.61
1 -1.2 1905.04 15.8 1936.04
1 270.52 1744.59 317.52 1791.59
1 550.0 1944.17 586.0 1980.17
