0 1235.52 1031.24 1360.52 1133.24
0 1381.23 1345.4 1435.23 1419.4
0 1672.55 1159.47 1725.55 1234.47
0 1498.37 819.21 1581.37 944.21
0 1552.04 672.32 1650.04 794.32
0 1111.3 744.74 1215.3 825.74
0 932.43 605.47 1011.43 729.47
0 906.17 791.58 1016.17 861.58
0 1242.54 636.45 1310.54 741.45
0 1242.54 636.45 1310.54 741.45
0 415.29 1129.65 472.29 1172.65
0 425.45 810.34 514.45 916.34
0 425.45 810.34 514.45 916.34
0 183.58 1430.31 263.58 1481.31
0 191.94 1100.38 242.94 1168.38
0 908.14 1342.2 962.14 1413.2
2 507.48 1251.5 643.48 1387.5
2 964.95 922.22 1079.95 1037.22
2 787.81 904.25 892.81 1009.25
2 267.33 517.44 467.33 716.44
2 33.03 743.32 123.03 833.32
2 772.39 1949.53 865.39 2042.53
2 924.06 1065.05 1035.06 1176.05
2 1708.13 1390.92 1809.13 1492.92
2 1878.96 1526.97 1959.96 1607.97
2 1878.96 1526.97 1959.96 1607.97
2 1717.46 1898.21 1772.46 1953.21
2 1409.25 1709.29 1462.25 1762.29
2 1126.34 1147.28 1200.34 1222.28
2 1384.39 883.61 1453.39 953.61
2 84.25 1223.25 142.25 1281.25
2 134.22 1231.43 193.22 1291.43
2 875.32 1626.86 952.32 1703.86
2 968.41 1775.09 1067.41 1874.09
2 1158.33 1806.48 1220.33 1867.48
2 1131.02 1769.45 1171.02 1809.45
2 672.98 1289.48 722.98 1340.48
2 537.37 1469.3 598.37 1583.3
2 596.13 648.1 705.13 711.1
2 501.5 667.3 548.5 756.3
2 1068.02 1531.44 1139.02 1554.44
2 938.75 1218.22 992.75 1350.22
2 1322.31 1044.53 1451.31 1107.53
2 1658.63 1022.06 1754.63 1075.06
2 1867.11 724.66 1950.11 879.66
2 1912.42 811.07 2021.42 888.07
2 94.28 1751.54 172.28 1799.54
1 756.89 1242.28 831.89 1317.28
1 752.38 1417.39 790.38 1454.39
1 464.53 1764.14 530.53 1830.14
1 611.09 1640.38 647.09 1675.38
1 636.27 1475.64 680.27 1518.64
1 817.38 1445.1 872.38 1500.1
1 945.4 1553.11 989.4 1597.11
1 1133.13 1321.46 1181.13 1369.46
1 1227.16 1287.02 1289.16 1349.02
1 1290.53 1434.63 1366.53 1510.63
1 1257.19 1734.44 1311.19 1789.44
1 1039.07 1922.49 1064.07 1947.49
1 782.15 1723.56 828.15 1769.56
1 737.15 1712.22 775.15 1750.22
1 723.22 1662.31 749.22 1687.31
1 654.9 1780.11 679.9 1805.11
1 598.92 1915.41 643.92 1960.41
1 208.19 1870.3 269.19 1932.3
1 437.23 1969.55 490.23 2022.55
1 167.41 1623.22 224.41 1680.22
1 137.15 1542.46 172.15 1577.46
1 228.21 983.4 286.21 1040.4
1 510.29 1069.48 558.29 1116.48
1 526.2 904.4 594.2 972.4
1 636.42 925.29 698.42 988.29
1 690.91 1090.65 750.91 1150.65
1 655.24 733.53 722.24 800.53
1 826.07 1013.32 876.07 1062.32
1 1302.87 882.02 1384.87 964.02
1 1478.0 920.86 1571.0 1013.86
1 1507.38 1065.2 1578.38 1136.2
1 1720.25 924.37 1797.25 1001.37
1 1568.13 1470.39 1643.13 1545.39
1 1468.59 1428.97 1537.59 1497.97
1 1389.44 1536.5 1451.44 1598.5
1 1568.12 1777.68 1597.12 1807.68
1 1643.29 1656.19 1678.29 1690.19
1 1615.34 1929.68 1663.34 1976.68
1 1490.5 1982.39 1555.5 2046.39
1 1345.92 1959.66 1387.92 2001.66
1 1775.01 1622.0 1819.01 1666.0
1 1716.21 1638.33 1755.21 1677.33
1 1932.17 1906.24 1977.17 1951.24
1 1842.21 1889.42 1874.21 1922.42
1 1776.28 1747.24 1839.28 1810.24
1 1928.3 1734.11 1993.3 1799.11
1 1928.13 1469.41 1975.13 1515.41
1 1767.55 1271.22 1829.55 1334.22
1 1767.59 1267.26 1838.59 1338.26
1 1992.06 1357.04 2012.06 1377.04
1 1954.41 1181.71 1982.41 1209.71
1 1995.18 1110.71 2015.18 1130.71
1 2015.06 1219.45 2049.06 1257.45
1 250.38 1279.09 340.38 1369.09
1 1844.98 1066.36 1895.98 1116.36
