0 1070.05 696.57 1192.05 824.57
0 1113.0 854.02 1254.0 922.02
0 1503.52 956.52 1700.52 1086.52
0 1299.49 585.63 1391.49 719.63
0 1064.47 1705.13 1131.47 1793.13
0 1505.48 1247.54 1632.48 1314.54
0 1327.47 876.59 1426.47 971.59
0 1409.51 597.11 1560.51 825.11
0 1404.5 265.56 1550.5 457.56
0 350.99 429.17 407.99 489.17
0 252.59 956.58 314.59 1011.58
0 718.48 1029.15 760.48 1116.15
0 1125.98 955.62 1186.98 1045.62
0 805.48 271.62 868.48 358.62
0 410.59 1823.63 477.59 1890.63
0 1313.01 1551.05 1465.01 1719.05
0 1227.03 1348.6 1317.03 1492.6
0 1270.51 1278.57 1375.51 1430.57
0 1254.51 1165.62 1334.51 1285.62
0 1408.48 1426.1 1543.48 1589.1
0 1489.04 1591.14 1592.04 1694.14
0 1226.98 1535.2 1295.98 1648.2
0 1297.5 1706.55 1462.5 1890.55
0 1189.52 476.12 1246.52 571.12
0 1011.48 46.08 1118.48 131.08
0 86.49 1428.05 189.49 1482.05
2 937.05 1487.67 1010.05 1560.67
2 852.02 1381.65 906.02 1435.65
2 757.51 649.6 799.51 691.6
2 945.49 374.1 1037.49 466.1
2 476.0 147.65 550.0 221.65
2 840.0 465.22 909.0 534.22
2 1002.5 171.61 1100.5 269.61
2 864.01 1554.16 924.01 1614.16
2 586.52 1740.18 643.52 1797.18
2 84.52 158.1 182.52 256.1
2 182.5 503.61 279.5 600.61
2 508.5 1528.61 592.5 1612.61
2 555.5 906.23 584.5 1002.23
2 713.0 537.23 730.0 591.23
2 444.0 444.52 543.0 473.52
2 569.01 171.28 607.01 291.28
2 974.01 569.72 1000.01 648.72
2 949.01 843.26 974.01 921.26
2 950.95 678.56 1016.95 698.56
2 648.01 378.27 666.01 435.27
2 302.99 1406.55 419.99 1443.55
2 1299.48 51.21 1340.48 177.21
2 1428.5 135.15 1475.5 282.15
2 1613.5 431.61 1656.5 552.61
2 1493.96 1431.04 1613.96 1470.04
2 1482.02 1884.07 1566.02 1911.07
2 1169.94 1352.04 1268.94 1384.04
2 859.5 159.19 880.5 228.19
2 1130.98 18.52 1259.98 56.52
2 1406.98 -1.18 1529.98 28.82
1 123.02 1.67 195.02 73.67
1 179.47 124.06 225.47 170.06
1 69.51 306.61 110.51 347.61
1 7.5 216.2 43.5 252.2
1 32.52 463.17 69.52 500.17
1 339.51 275.08 386.51 322.08
1 363.5 91.11 419.5 146.11
1 374.02 618.62 415.02 659.62
1 169.99 831.73 201.99 863.73
1 9.5 859.11 65.5 914.11
1 33.98 1012.19 64.98 1043.19
1 56.46 1038.15 120.46 1101.15
1 121.5 1174.71 187.5 1240.71
1 239.49 1031.6 285.49 1077.6
1 347.0 934.1 442.0 1028.1
1 387.01 654.08 471.01 738.08
1 430.5 787.55 511.5 868.55
1 497.52 913.1 540.52 956.1
1 551.01 598.12 649.01 695.12
1 589.99 491.19 651.99 553.19
1 571.49 417.2 643.49 489.2
1 737.51 839.59 828.51 930.59
1 767.98 732.16 806.98 771.16
1 803.5 694.59 846.5 736.59
1 826.98 1032.61 867.98 1073.61
1 811.5 1114.62 868.5 1171.62
1 762.53 1161.53 812.53 1211.53
1 575.5 1108.59 618.5 1150.59
1 632.5 1149.12 672.5 1188.12
1 548.5 1282.16 606.5 1340.16
1 479.5 1241.71 504.5 1266.71
1 330.0 1152.0 378.0 1200.0
1 299.03 1241.09 343.03 1285.09
1 238.98 1251.61 285.98 1298.61
1 139.51 1249.67 172.51 1282.67
1 78.51 1529.08 125.51 1576.08
1 215.52 1600.1 258.52 1643.1
1 192.98 1564.19 223.98 1595.19
1 98.99 1707.06 143.99 1752.06
1 71.49 1774.63 138.49 1840.63
1 194.0 1819.12 250.0 1874.12
1 340.49 1576.65 403.49 1639.65
1 465.0 1692.14 525.0 1752.14
1 693.99 1473.08 748.99 1527.08
1 689.48 1381.61 738.48 1429.61
1 696.99 1264.17 766.99 1334.17
1 1005.99 937.11 1081.99 1013.11
1 1053.48 446.08 1133.48 526.08
1 874.51 97.6 916.51 139.6
1 782.48 140.59 831.48 189.59
1 712.01 280.17 773.01 341.17
1 1256.01 437.67 1324.01 504.67
1 1340.49 1020.09 1449.49 1128.09
1 1029.53 1101.53 1079.53 1151.53
1 993.97 1217.55 1075.97 1299.55
1 937.49 1285.65 1000.49 1348.65
1 1097.51 1309.23 1128.51 1340.23
1 977.49 1616.67 1008.49 1647.67
1 1005.49 1647.61 1061.49 1703.61
1 951.0 1771.59 1002.0 1822.59
1 892.98 1788.62 933.98 1829.62
1 803.0 1709.11 853.0 1759.11
1 704.01 1557.54 793.01 1646.54
1 638.0 1810.12 694.0 1865.12
1 659.51 1874.6 705.51 1920.6
1 535.53 1884.07 580.53 1929.07
1 346.0 1978.8 440.0 2051.8
1 803.48 1855.58 924.48 1975.58
1 1577.48 1762.1 1620.48 1805.1
1 1613.5 1900.2 1647.5 1934.2
1 1649.51 1213.1 1698.51 1262.1
1 1651.5 1155.2 1687.5 1191.2
1 412.51 1243.6 454.51 1285.6
1 198.98 586.15 241.98 629.15
1 645.5 1376.24 671.5 1402.24
1 866.01 642.59 913.01 689.59
