0 11.46 626.03 282.46 770.03
0 151.01 407.73 183.01 462.73
0 45.97 412.08 93.97 438.08
0 173.5 170.06 328.5 254.06
0 599.03 79.05 695.03 139.05
0 313.99 841.65 375.99 956.65
0 680.99 165.04 856.99 327.04
0 243.44 353.54 330.44 394.54
0 571.97 185.74 595.97 236.74
0 512.46 70.08 561.46 101.08
2 396.34 492.17 421.34 516.17
2 333.5 473.65 368.5 508.65
2 568.92 607.22 590.92 635.22
2 604.08 583.7 636.08 614.7
2 706.54 21.14 743.54 67.14
2 765.32 64.56 802.32 93.56
2 272.89 862.65 320.89 907.65
2 161.41 978.06 204.41 1008.06
2 599.98 707.62 651.98 764.62
2 797.52 833.63 848.52 882.63
1 527.49 403.21 554.49 427.21
1 405.5 736.67 436.5 765.67
1 410.5 833.25 439.5 863.25
1 440.47 872.65 473.47 907.65
1 523.49 856.17 558.49 888.17
1 554.43 821.67 571.43 840.67
1 514.5 487.19 537.5 509.19
1 214.5 473.64 251.5 508.64
1 416.99 121.67 436.99 142.67
1 467.47 141.2 500.47 171.2
1 530.01 172.58 572.01 211.58
1 653.53 15.22 684.53 43.22
1 854.98 972.67 894.98 1009.67
1 127.49 975.68 152.49 998.68
1 25.46 967.08 76.46 1013.08
1 605.52 867.65 644.52 902.65
1 612.91 916.14 630.91 934.14
1 869.47 33.53 918.47 82.53
1 53.5 31.58 89.5 70.58
1 443.67 794.62 470.67 815.62
1 419.56 797.12 436.56 813.12
1 591.4 989.1 606.4 1001.1
1 693.37 609.59 766.37 646.59
1 222.0 550.29 234.0 580.29
