0 47.27 130.15 91.27 198.15
0 97.26 396.44 137.26 458.44
0 261.09 418.02 312.09 450.02
0 237.26 127.25 273.26 154.25
0 260.21 68.66 297.21 103.66
0 423.69 85.56 482.69 134.56
0 610.53 219.47 677.53 271.47
0 580.31 386.53 614.31 424.53
0 670.0 587.52 706.0 631.52
0 706.2 425.31 747.2 464.31
0 138.42 622.2 296.42 807.2
0 997.2 749.43 1016.2 773.43
0 916.21 730.21 937.21 750.21
0 734.37 159.18 768.37 185.18
0 462.12 403.35 483.12 426.35
0 453.0 497.27 479.0 516.27
0 423.13 949.36 450.13 976.36
0 309.22 174.69 340.22 209.69
0 236.38 807.3 254.38 822.3
2 132.64 875.09 223.64 965.09
2 652.51 531.49 692.51 571.49
2 16.31 589.2 50.31 627.2
2 17.1 543.3 64.1 590.3
2 71.56 566.22 124.56 619.22
2 759.49 630.43 856.49 732.43
2 578.18 83.65 635.18 140.65
2 515.87 164.02 550.87 199.02
1 216.98 875.82 242.98 901.82
1 200.65 921.52 216.65 937.52
1 321.23 841.96 340.23 860.96
1 365.0 798.52 387.0 820.52
1 487.1 743.32 506.1 762.32
1 412.6 590.16 432.6 610.16
1 322.63 272.86 346.63 296.86
1 18.41 321.1 32.41 335.1
1 841.25 446.69 864.25 469.69
1 978.0 424.1 994.0 440.1
1 997.0 371.74 1015.0 389.74
1 962.12 605.17 979.12 623.17
1 780.45 736.45 794.45 750.45
1 464.01 851.5 484.01 871.5
