0 127.96 333.67 186.96 371.67
0 279.16 228.38 350.16 274.38
0 536.4 50.57 654.4 233.57
0 698.23 267.87 744.23 298.87
0 769.08 230.53 808.08 256.53
0 798.02 730.43 862.02 772.43
0 502.33 537.35 524.33 591.35
0 132.03 531.51 152.03 551.51
0 673.5 481.37 702.5 516.37
0 690.29 478.24 715.29 498.24
0 801.27 418.39 825.27 443.39
0 742.03 898.78 782.03 930.78
0 884.16 669.18 905.16 687.18
0 621.5 673.44 642.5 700.44
0 847.36 376.33 875.36 397.33
2 675.61 558.4 704.61 586.4
2 336.92 842.19 370.92 874.19
2 64.91 483.76 118.91 537.76
2 971.37 833.36 1011.37 872.36
1 454.33 282.56 488.33 316.56
1 339.02 446.3 361.02 467.3
1 819.36 988.64 839.36 1007.64
1 688.26 714.38 706.26 732.38
1 870.37 196.57 892.37 218.57
1 838.96 112.49 856.96 130.49
1 414.0 377.5 430.0 393.5
