0 30.1 116.64 67.1 143.64
0 266.54 112.52 289.54 141.52
0 81.79 190.64 108.79 224.64
0 66.66 285.59 98.66 333.59
0 256.63 331.4 308.63 367.4
0 380.1 230.54 397.1 256.54
0 510.27 22.3 539.27 51.3
0 447.81 89.44 470.81 124.44
0 426.26 276.22 459.26 313.22
0 329.91 285.7 357.91 310.7
0 350.17 504.12 395.17 556.12
0 441.32 497.14 489.32 535.14
0 387.47 503.19 428.47 542.19
0 423.69 553.35 493.69 636.35
0 505.12 289.07 608.12 355.07
0 544.36 353.43 574.36 380.43
0 607.35 394.21 699.35 535.21
0 637.61 141.34 715.61 196.34
0 802.0 178.62 870.0 285.62
0 868.51 88.12 959.51 200.12
0 743.39 5.46 775.39 37.46
0 700.99 9.59 730.99 41.59
0 861.46 246.4 910.46 284.4
0 889.0 346.72 919.0 401.72
0 839.01 660.05 973.01 852.05
0 710.79 693.03 747.79 722.03
0 602.14 606.79 631.14 626.79
0 295.12 838.74 322.12 869.74
0 115.35 710.34 167.35 752.34
0 321.33 658.3 344.33 679.3
0 502.5 398.38 513.5 415.38
0 437.3 422.23 469.3 443.23
0 370.99 899.31 424.99 974.31
0 347.18 868.7 378.18 891.7
0 584.18 746.16 621.18 774.16
2 410.32 828.51 460.32 877.51
2 777.19 693.38 825.19 741.38
2 793.5 555.71 846.5 615.71
2 591.68 762.29 632.68 799.29
1 151.65 892.64 185.65 926.64
1 878.0 840.25 902.0 864.25
1 949.03 862.35 975.03 887.35
1 359.5 418.35 384.5 443.35
1 148.54 293.54 175.54 321.54
1 808.61 377.97 831.61 396.97
1 263.19 827.23 286.19 849.23
1 555.63 157.4 573.63 176.4
1 194.3 330.69 216.3 353.69
1 666.53 551.75 693.53 569.75
1 371.33 144.33 383.33 161.33
