0 116.32 236.52 246.32 327.52
0 204.39 818.44 274.39 983.44
0 314.24 139.79 355.24 173.79
0 693.51 82.22 794.51 167.22
0 815.3 27.15 871.3 81.15
0 839.56 362.37 937.56 416.37
0 692.32 509.51 742.32 573.51
0 700.36 778.51 778.36 880.51
0 908.21 845.48 977.21 933.48
0 880.32 785.35 910.32 816.35
0 626.15 927.14 663.15 961.14
0 534.23 877.4 568.23 904.4
0 798.32 936.44 835.32 965.44
0 508.37 132.51 530.37 154.51
0 681.3 646.4 705.3 675.4
0 901.68 67.82 924.68 89.82
0 50.46 76.58 81.46 110.58
0 469.8 435.98 524.8 514.98
2 430.82 259.52 463.82 295.52
2 240.04 629.51 296.04 693.51
2 837.51 725.55 874.51 761.55
2 914.18 608.41 956.18 650.41
2 692.63 592.12 800.63 700.12
2 825.36 690.07 913.36 778.07
1 507.99 64.21 531.99 88.21
1 965.81 592.74 992.81 619.74
1 429.37 919.37 453.37 942.37
1 150.76 960.97 171.76 981.97
1 302.39 403.13 320.39 421.13
1 851.17 457.43 870.17 488.43
