0 105.8 87.35 144.8 115.35
0 214.32 194.12 239.32 210.12
0 234.21 95.3 259.21 126.3
0 247.56 32.15 284.56 64.15
0 379.81 254.06 554.81 370.06
0 557.32 288.44 596.32 314.44
0 361.93 338.9 385.93 366.9
0 706.43 269.38 761.43 352.38
0 617.05 431.49 679.05 479.49
0 552.55 577.5 635.55 637.5
0 519.36 625.74 539.36 650.74
0 489.36 615.34 509.36 634.34
0 484.49 637.2 506.49 659.2
0 481.36 546.34 505.36 563.34
0 406.44 566.75 436.44 586.75
0 311.98 552.1 339.98 595.1
0 166.34 454.25 220.34 487.25
0 141.26 816.48 217.26 862.48
0 364.5 722.75 387.5 761.75
0 747.35 865.57 835.35 974.57
0 967.34 586.4 1019.34 640.4
0 941.33 882.31 989.33 947.31
0 290.34 457.55 308.34 481.55
0 283.0 488.41 301.0 513.41
0 239.42 529.16 256.42 543.16
0 270.03 605.36 294.03 624.36
0 199.23 728.64 226.23 762.64
0 13.8 547.29 36.8 577.29
0 150.0 313.37 170.0 332.37
0 718.45 428.48 760.45 462.48
0 230.0 346.35 254.0 367.35
0 64.98 8.16 94.98 32.16
0 420.1 826.42 433.1 843.42
0 398.99 707.36 420.99 730.36
0 401.32 622.39 421.32 647.39
0 347.61 425.14 369.61 443.14
0 236.47 477.52 259.47 505.52
0 936.28 73.33 962.28 96.33
0 658.37 584.58 676.37 606.58
0 530.0 432.07 542.0 447.07
0 532.58 450.66 548.58 469.66
0 54.44 729.35 72.44 744.35
0 80.52 736.58 99.52 758.58
0 326.59 733.13 338.59 747.13
0 463.28 751.95 475.28 766.95
0 611.34 886.64 647.34 909.64
2 424.65 683.44 480.65 739.44
2 831.11 601.2 874.11 644.2
2 640.52 134.09 671.52 165.09
2 728.0 727.4 780.0 779.4
2 202.52 7.64 234.52 36.64
2 532.47 68.42 574.47 118.42
2 557.04 436.48 587.04 469.48
1 215.99 203.32 247.99 234.32
1 154.19 8.29 171.19 25.29
1 792.36 276.37 826.36 309.37
1 803.56 106.48 817.56 120.48
1 513.23 712.7 544.23 743.7
1 451.17 496.61 466.17 511.61
1 635.46 538.33 656.46 559.33
1 269.2 749.58 296.2 777.58
1 155.48 755.02 180.48 780.02
1 465.33 889.57 485.33 909.57
1 518.51 994.6 537.51 1013.6
1 135.61 587.13 153.61 605.13
1 274.01 917.56 294.01 937.56
1 385.14 877.37 404.14 896.37
1 670.48 771.34 689.48 786.34
1 673.16 378.53 692.16 403.53
1 361.27 980.27 377.27 993.27
