0 406.98 89.55 440.98 121.55
0 354.03 91.33 370.03 110.33
0 400.07 174.79 424.07 201.79
0 402.26 279.63 439.26 324.63
0 357.96 268.21 389.96 300.21
0 325.3 342.22 377.3 383.22
0 363.48 415.78 384.48 445.78
0 313.0 398.49 335.0 431.49
0 217.26 608.73 241.26 639.73
0 229.46 635.48 254.46 670.48
0 177.37 519.59 217.37 556.59
0 102.12 428.74 119.12 451.74
0 66.46 663.46 101.46 703.46
0 222.98 753.73 268.98 807.73
0 36.27 815.66 73.27 848.66
0 149.24 691.81 173.24 747.81
0 286.42 840.41 348.42 889.41
0 296.38 699.4 326.38 750.4
0 329.33 634.45 357.33 679.45
0 369.45 695.53 389.45 727.53
0 152.44 913.33 175.44 932.33
0 109.08 934.66 136.08 984.66
0 55.16 973.38 70.16 1000.38
0 180.17 965.62 205.17 993.62
0 435.3 771.64 479.3 824.64
0 463.88 694.34 499.88 723.34
0 472.15 717.61 493.15 745.61
0 424.16 566.46 441.16 595.46
0 441.43 482.56 469.43 504.56
0 442.66 446.18 457.66 463.18
0 534.51 411.41 561.51 446.41
0 526.07 446.64 551.07 472.64
0 577.97 246.42 626.97 308.42
0 560.01 15.67 584.01 55.67
0 483.54 248.35 512.54 265.35
0 686.52 158.13 721.52 190.13
0 674.19 385.62 715.19 430.62
0 735.5 448.35 804.5 521.35
0 749.98 550.44 801.98 600.44
0 867.25 545.59 891.25 573.59
0 920.51 569.74 951.51 606.74
0 881.24 360.32 909.24 381.32
0 843.13 311.71 862.13 336.71
0 784.37 205.39 806.37 228.39
0 816.91 835.19 861.91 882.19
0 940.24 965.97 970.24 1004.97
0 749.39 913.59 789.39 965.59
0 668.53 971.21 694.53 993.21
0 657.9 952.14 684.9 972.14
2 860.99 154.6 874.99 220.6
2 900.85 568.32 913.85 625.32
2 680.99 476.13 694.99 539.13
2 16.89 714.59 33.89 756.59
1 599.39 986.34 619.39 1007.34
1 379.66 931.18 401.66 953.18
1 97.35 561.52 113.35 577.52
1 133.21 41.46 148.21 65.46
1 287.78 533.25 305.78 544.25
1 318.31 530.26 335.31 551.26
1 394.31 498.29 412.31 515.29
1 331.07 508.55 345.07 522.55
1 396.38 615.19 418.38 637.19
1 334.24 286.97 355.24 307.97
1 598.96 208.49 616.96 226.49
1 628.4 179.78 646.4 197.78
1 624.82 347.64 637.82 360.64
1 635.2 331.37 654.2 350.37
1 647.23 304.34 666.23 322.34
1 731.12 177.49 750.12 197.49
1 734.45 239.53 745.45 251.53
1 927.19 80.61 946.19 99.61
1 772.38 744.55 786.38 758.55
1 746.97 734.47 764.97 752.47
1 735.58 771.78 757.58 793.78
1 703.37 705.24 719.37 720.24
1 691.51 682.46 708.51 699.46
1 687.85 790.63 706.85 809.63
1 663.6 798.61 685.6 820.61
1 658.0 751.39 670.0 763.39
1 583.34 822.16 599.34 838.16
1 577.98 670.17 597.98 690.17
1 611.2 702.22 630.2 722.22
1 944.99 909.19 966.99 931.19
1 962.29 851.17 980.29 869.17
1 975.19 895.62 987.19 908.62
1 976.35 913.69 998.35 934.69
1 984.38 845.55 1002.38 862.55
