0 369.32 35.59 413.32 88.59
0 401.16 115.04 448.16 153.04
0 402.36 159.24 440.36 202.24
0 330.99 237.6 404.99 302.6
0 301.18 169.67 340.18 222.67
0 255.83 161.51 286.83 193.51
0 274.21 350.74 315.21 394.74
0 201.23 430.57 244.23 485.57
0 103.17 165.15 142.17 211.15
0 84.42 511.7 115.42 540.7
0 6.24 524.7 39.24 555.7
0 37.37 539.33 57.37 565.33
0 142.09 677.3 179.09 720.3
0 130.47 872.14 177.47 924.14
0 230.33 869.03 272.33 922.03
0 320.03 925.51 356.03 965.51
0 322.07 829.38 358.07 860.38
0 280.76 662.69 321.76 698.69
0 462.3 836.2 492.3 868.2
0 509.98 890.71 541.98 921.71
0 607.09 770.62 661.09 825.62
0 560.52 751.32 607.52 790.32
0 499.41 589.98 563.41 648.98
0 439.13 567.53 474.13 611.53
0 513.27 673.39 557.27 724.39
0 393.02 489.17 427.02 523.17
0 385.3 644.72 433.3 688.72
0 429.24 460.49 464.24 490.49
0 472.17 432.74 501.17 456.74
0 414.69 371.54 450.69 407.54
0 505.26 506.46 536.26 535.46
0 576.11 453.12 621.11 495.12
0 562.09 296.27 615.09 357.27
0 503.38 172.98 547.38 217.98
0 547.38 241.48 583.38 281.48
0 581.59 205.58 603.59 241.58
0 656.49 151.56 687.49 187.56
0 684.9 78.43 737.9 139.43
0 684.32 210.28 722.32 243.28
0 663.32 252.22 699.32 292.22
0 667.86 300.28 694.86 332.28
0 622.97 350.41 656.97 399.41
0 642.0 430.48 674.0 476.48
0 657.49 531.12 698.49 565.12
0 791.15 31.35 838.15 71.35
0 766.2 246.36 819.2 299.36
0 795.47 416.62 852.47 475.62
0 876.08 497.43 925.08 537.43
0 799.03 593.66 838.03 650.66
0 850.12 574.46 887.12 619.46
0 873.26 703.28 916.26 762.28
0 791.15 820.39 818.15 857.39
0 716.15 825.45 753.15 873.45
0 693.38 972.66 741.38 1011.66
0 860.92 951.95 930.92 1014.95
0 936.37 600.34 978.37 645.34
0 746.91 545.3 780.91 568.3
0 762.45 490.38 781.45 519.38
0 748.39 447.39 771.39 474.39
0 688.24 599.68 722.24 632.68
0 625.37 5.32 656.37 32.32
0 598.5 677.69 620.5 698.69
0 966.28 42.51 987.28 79.5
0 867.0 89.29 895.0 112.29
0 895.33 317.56 923.33 333.56
0 866.04 296.75 894.04 323.75
2 289.25 531.95 352.25 594.95
2 558.09 377.69 595.09 414.69
2 950.96 318.5 1012.96 380.5
2 450.94 620.37 476.94 645.37
2 419.67 873.52 449.67 901.52
1 406.5 789.3 425.5 808.3
1 515.86 936.32 538.86 957.32
1 714.34 748.95 732.34 765.95
1 655.63 500.43 677.63 521.43
1 741.18 390.43 760.18 408.43
1 827.5 352.24 848.5 372.24
1 896.5 110.53 911.5 132.53
1 952.5 252.62 967.5 267.62
1 971.5 682.38 992.5 703.38
1 441.0 899.23 467.0 925.23
1 740.07 158.32 757.07 175.32
1 745.0 201.0 759.0 215.0
1 84.54 619.32 107.54 642.32
1 33.01 621.19 55.01 643.19
1 89.43 226.08 101.43 238.08
