0 38.15 115.69 75.15 148.69
0 63.63 548.38 129.63 586.38
0 160.16 617.18 217.16 695.18
0 203.34 214.97 291.34 307.97
0 312.49 289.18 435.49 360.18
0 295.22 166.7 342.22 194.7
0 509.32 423.33 557.32 451.33
0 766.24 8.21 855.24 57.21
0 946.97 29.51 992.97 109.51
0 360.1 651.45 393.1 702.45
0 379.44 467.27 447.44 534.27
2 501.13 121.44 544.13 165.44
2 354.35 596.47 396.35 638.47
2 67.51 688.28 196.51 817.28
2 580.54 190.4 679.54 291.4
1 673.69 431.1 753.69 498.1
1 121.0 550.41 168.0 592.41
1 735.18 431.73 750.18 452.73
1 181.5 557.71 210.5 586.71
1 441.46 733.5 465.46 753.5
1 267.45 829.27 292.45 855.27
