0 444.17 474.05 557.17 550.05
0 278.07 895.36 322.07 942.36
0 647.87 168.59 710.87 211.59
0 31.24 117.45 67.24 169.45
0 76.68 261.68 112.68 306.68
0 424.88 55.61 453.88 95.61
2 386.33 622.91 412.33 650.91
2 578.07 657.11 595.07 671.11
2 942.4 177.16 960.4 203.16
2 259.46 816.58 296.46 858.58
2 344.04 643.24 392.04 690.24
1 628.31 605.35 645.31 621.35
1 970.47 344.09 997.47 371.09
1 862.18 726.21 875.18 739.21
1 614.11 808.55 635.11 830.55
1 634.16 719.34 647.16 731.34
1 88.5 924.62 103.5 939.62
1 303.4 1.17 315.4 12.17
1 55.5 443.3 68.5 455.3
1 152.5 574.62 167.5 589.62
1 333.23 598.34 352.23 616.34
1 30.51 827.44 49.51 846.44
1 997.23 859.44 1012.23 874.44
1 850.83 342.36 859.83 351.36
