0 52.11 275.57 169.11 344.57
0 244.14 526.54 293.14 588.54
0 266.5 452.48 290.5 481.48
0 716.93 929.24 806.93 980.24
0 977.05 447.29 1003.05 485.29
0 569.28 365.38 593.28 404.38
0 347.56 220.27 460.56 301.27
2 730.16 243.39 891.16 403.39
2 342.01 476.29 386.01 521.29
2 901.09 355.28 936.09 390.28
2 428.2 801.22 527.2 889.22
2 784.25 733.43 927.25 862.43
1 107.02 38.46 137.02 68.46
1 446.13 503.71 479.13 536.71
1 85.34 590.03 109.34 625.03
1 374.5 106.69 393.5 125.69
1 641.22 303.21 660.22 321.21
1 593.11 254.51 620.11 280.51
1 907.5 517.75 932.5 542.75
1 633.28 345.62 649.28 362.62
1 992.29 847.67 1013.29 868.67
1 441.51 883.68 470.51 912.68
