0 6.2 836.05 108.2 896.05
0 172.99 25.66 210.99 82.66
0 817.35 72.11 861.35 144.11
0 513.31 429.1 561.31 459.1
0 559.04 195.51 605.04 243.51
0 937.2 786.46 993.2 852.46
0 953.21 847.51 1013.21 927.51
0 322.35 934.67 364.35 1001.67
0 982.05 114.46 1007.05 132.46
2 552.44 21.2 647.44 100.2
2 433.4 436.39 470.4 470.39
2 566.84 510.12 620.84 554.12
2 484.42 93.59 506.42 117.59
2 833.19 367.33 925.19 443.33
2 322.88 948.67 364.88 991.67
2 49.0 120.36 199.0 294.36
1 666.28 311.38 687.28 331.38
1 652.62 603.67 676.62 624.67
1 473.15 354.61 492.15 376.61
1 30.26 143.53 56.26 167.53
1 297.04 797.14 315.04 815.14
