0 368.51 142.35 400.51 171.35
0 408.39 264.29 450.39 301.29
0 465.07 241.57 504.07 269.57
0 832.93 239.4 870.93 287.4
0 897.2 265.43 940.2 329.43
0 379.14 399.38 402.14 434.38
0 625.01 630.38 691.01 675.38
0 798.98 728.11 872.98 780.11
0 711.9 902.66 758.9 973.66
0 818.96 883.14 876.96 949.14
0 839.12 808.38 890.12 865.38
0 541.97 189.21 581.97 248.21
0 742.19 825.17 783.19 887.17
0 697.11 735.28 752.11 774.28
0 735.58 636.38 769.58 681.38
0 917.9 870.51 957.9 904.51
0 434.24 523.08 487.24 561.08
0 666.3 159.77 704.3 205.77
0 157.36 690.57 185.36 731.57
0 541.52 934.67 578.52 969.67
2 290.96 300.5 352.96 362.5
2 432.0 407.72 504.0 477.72
2 562.39 281.28 632.39 348.28
2 710.24 252.47 763.24 302.47
2 615.65 763.35 661.65 807.35
2 645.46 962.08 690.46 1006.08
2 99.16 725.34 138.16 764.34
2 147.51 514.96 188.51 555.96
2 41.09 537.26 92.09 589.26
2 100.52 309.5 143.52 353.5
2 35.32 170.33 99.32 235.33
2 418.38 597.17 480.38 659.17
2 559.02 537.88 589.02 567.88
2 786.23 119.99 848.23 182.99
2 506.51 153.22 553.51 200.22
2 510.65 812.41 562.65 857.41
2 923.49 472.59 972.49 546.59
2 823.51 395.67 868.51 484.67
2 803.78 -1.13 852.78 94.87
2 540.27 333.49 581.27 373.49
2 530.35 613.36 562.35 637.36
2 388.31 998.34 433.31 1025.34
2 312.28 5.36 337.28 44.36
2 411.99 208.44 455.99 254.44
2 540.15 70.19 605.15 134.19
1 282.53 538.72 305.53 561.72
1 74.97 400.57 92.97 419.57
1 247.03 268.34 269.03 289.34
1 754.36 189.65 780.36 214.65
1 608.5 506.69 635.5 533.69
1 578.2 720.83 603.2 744.83
1 365.25 914.38 385.25 935.38
1 283.13 982.2 306.13 1006.2
1 216.42 774.48 242.42 799.48
1 106.47 837.54 137.47 869.54
1 74.24 590.49 95.24 611.49
1 220.27 578.55 246.27 604.55
1 99.54 144.5 120.54 166.5
1 37.37 505.62 61.37 529.62
1 399.11 679.97 418.11 698.97
1 433.37 693.42 461.37 720.42
1 377.99 723.49 405.99 751.49
1 566.42 518.67 585.42 537.67
1 539.11 572.63 558.11 591.63
1 552.23 412.54 581.23 442.54
1 337.14 72.77 364.14 99.77
1 462.23 183.42 488.23 210.42
1 586.24 114.67 615.24 142.67
1 642.3 1.27 668.3 27.27
1 258.33 310.5 284.33 335.5
1 335.42 387.28 355.42 406.28
1 315.18 407.37 334.18 426.37
1 492.54 344.44 520.54 373.44
1 939.29 611.48 974.29 647.48
1 318.01 839.71 342.01 864.71
1 192.44 810.38 227.44 844.38
1 148.21 904.6 178.21 934.6
1 212.05 934.17 248.05 970.17
1 163.18 302.7 194.18 333.7
1 195.45 356.36 228.45 389.36
1 205.52 271.81 234.52 301.81
1 210.51 172.67 241.51 203.67
1 132.01 151.58 160.01 179.58
1 140.18 45.22 161.18 67.22
1 601.12 189.59 624.12 213.59
1 273.37 475.59 297.37 499.59
1 18.22 726.04 40.22 749.04
1 78.6 638.78 106.6 665.78
1 128.33 611.21 158.33 641.21
1 27.33 796.04 51.33 819.04
1 338.39 855.42 368.39 886.42
1 339.3 760.45 375.3 794.45
1 30.44 164.65 56.44 190.65
1 40.09 676.34 73.09 709.34
1 216.0 25.46 252.0 61.46
1 289.45 128.55 314.45 154.55
