0 67.33 83.32 107.33 130.32
0 166.27 42.69 184.27 65.69
0 168.12 67.81 201.12 109.81
0 145.46 462.33 182.46 507.33
0 227.45 566.61 276.45 617.61
0 62.32 795.6 100.32 827.6
0 208.17 681.66 253.17 722.66
0 208.96 804.42 238.96 829.42
0 141.28 859.54 173.28 891.54
0 110.08 819.59 138.08 847.59
0 423.52 694.53 460.52 732.53
0 249.27 237.23 280.27 275.23
0 71.09 429.01 106.09 462.01
0 279.48 483.28 304.48 513.28
0 264.4 420.47 286.4 438.47
0 479.03 3.76 505.03 32.76
0 211.07 390.24 233.07 418.24
0 22.11 176.53 46.11 198.53
0 391.17 289.16 422.17 319.16
0 638.99 149.07 664.99 186.07
0 709.33 96.65 745.33 127.65
0 777.99 35.38 829.99 79.38
0 875.73 32.15 925.73 77.15
0 876.2 74.06 925.2 114.06
0 828.46 165.53 854.46 193.53
0 789.82 167.54 824.82 211.54
0 762.57 254.19 809.57 291.19
0 625.63 312.09 663.63 344.09
0 648.64 429.12 688.64 495.12
0 565.35 358.16 597.35 386.16
0 508.42 368.28 544.42 393.28
0 500.69 421.46 540.69 457.46
0 587.55 561.11 624.55 583.11
0 624.98 534.77 646.98 569.77
0 537.31 541.66 561.31 574.66
0 345.18 426.6 376.18 445.6
0 464.26 601.48 502.26 645.48
0 499.43 815.79 527.43 856.79
0 907.14 250.68 934.14 296.68
0 934.82 258.77 955.82 293.77
0 976.87 230.48 1021.87 300.48
0 899.0 674.4 933.0 731.4
0 913.28 655.63 953.28 696.63
0 867.32 772.39 915.32 802.39
0 782.37 735.18 836.37 817.18
0 937.28 789.64 973.28 822.64
0 723.62 912.13 761.62 948.13
0 671.23 928.67 699.23 955.67
0 702.3 507.68 732.3 560.68
0 770.26 461.78 799.26 483.78
0 759.59 360.57 805.59 387.57
0 879.99 406.39 919.99 447.39
0 877.24 488.75 916.24 532.75
0 938.31 594.5 972.31 636.5
0 374.66 751.34 401.66 774.34
0 693.0 661.32 715.0 699.32
2 571.36 659.34 611.36 698.34
2 579.36 969.34 635.36 1020.34
2 513.24 912.33 552.24 949.33
2 356.02 821.52 396.02 861.52
2 260.43 907.43 302.43 947.43
2 86.21 924.14 139.21 976.14
2 211.46 607.9 252.46 646.9
2 127.26 630.46 159.26 664.46
2 58.18 644.27 91.18 677.27
2 204.17 279.36 261.17 331.36
2 325.81 163.19 376.81 210.19
2 568.32 3.26 614.32 46.26
2 755.38 320.82 815.38 376.82
2 784.24 532.4 825.24 570.4
2 611.52 79.64 652.52 116.64
2 803.03 598.35 849.03 644.35
2 92.38 0.3 130.38 37.3
2 325.42 91.11 365.42 121.11
2 354.45 484.88 408.45 517.88
2 748.51 807.52 799.51 843.52
2 740.24 962.59 769.24 1008.59
2 883.03 933.36 930.03 1005.36
2 912.28 916.6 958.28 987.6
2 825.12 903.39 852.12 946.39
2 705.13 850.4 740.13 907.4
2 841.49 593.2 876.49 616.2
2 911.9 490.02 942.9 529.02
2 932.59 124.69 960.59 167.69
2 973.19 102.45 1000.19 135.45
2 448.94 272.94 474.94 308.94
2 531.87 114.45 551.87 140.45
2 396.78 579.49 421.78 618.49
2 571.68 602.06 604.68 618.06
2 775.35 506.0 822.35 538.0
2 727.41 572.5 770.41 599.5
2 583.28 822.85 606.28 860.85
2 833.39 510.62 850.39 536.62
2 136.32 187.76 162.32 232.76
1 58.99 277.24 88.99 311.24
1 67.46 456.66 96.46 486.66
1 7.03 562.49 29.03 599.49
1 114.91 540.78 132.91 564.78
1 171.01 538.51 186.01 560.51
1 194.41 248.25 216.41 269.25
1 196.37 317.25 218.37 339.25
1 211.0 421.19 233.0 443.19
1 317.22 393.46 344.22 420.46
1 433.01 117.44 463.01 148.44
1 423.4 151.57 447.4 175.57
1 544.39 166.58 570.39 192.58
1 504.0 226.25 528.0 250.25
1 564.05 252.51 597.05 274.51
1 600.3 120.64 618.3 142.64
1 609.32 22.34 625.32 43.34
1 698.38 46.11 736.38 82.11
1 680.53 171.22 703.53 193.22
1 640.39 194.19 674.39 222.19
1 649.07 273.47 680.07 300.47
1 374.51 591.19 401.51 613.19
1 312.12 721.8 337.12 750.8
1 308.62 864.72 340.62 903.72
1 333.46 926.68 354.46 949.68
1 307.36 991.2 327.36 1013.2
1 239.03 927.56 261.03 951.56
1 117.95 735.82 141.95 761.82
1 13.24 829.42 36.24 856.42
1 88.53 904.49 115.53 933.49
1 38.01 688.38 62.01 709.38
1 439.11 800.43 465.11 825.43
1 71.21 337.25 98.21 367.25
1 268.94 855.18 290.94 877.18
1 153.58 669.17 183.58 695.17
1 504.37 523.23 534.37 549.23
1 611.31 379.31 631.31 394.31
1 624.42 664.39 642.42 685.39
1 579.31 713.42 607.31 736.42
1 526.5 711.74 553.5 733.74
1 424.61 880.68 456.61 907.68
1 525.2 782.74 548.2 809.74
1 490.28 986.58 519.28 1012.58
1 622.43 942.48 645.43 967.48
1 681.99 792.38 705.99 813.38
1 621.93 781.72 645.93 806.72
1 742.42 634.04 768.42 657.04
1 761.03 676.69 795.03 711.69
1 780.58 434.55 807.58 460.55
1 763.13 425.47 782.13 445.47
1 938.15 29.8 971.15 59.8
1 964.37 621.35 990.37 648.35
1 374.22 807.5 399.22 827.5
