0 719.45 5.53 753.45 48.53
0 656.18 94.35 684.18 128.35
0 637.84 143.06 671.84 175.06
0 615.99 194.06 647.99 229.06
0 621.8 259.05 662.8 290.05
0 536.97 298.13 586.97 340.13
0 872.05 34.3 897.05 64.3
0 822.09 13.24 843.09 39.24
0 978.21 73.13 1000.21 93.13
0 528.93 227.02 561.93 271.02
0 559.81 247.99 586.81 283.99
0 463.52 294.4 508.52 340.4
0 452.77 281.33 477.77 306.33
0 483.87 360.75 522.87 402.75
0 762.07 135.81 785.07 158.81
0 409.77 570.17 436.77 601.17
0 342.56 586.21 372.56 624.21
0 221.88 670.31 246.88 694.31
0 14.86 941.01 58.86 987.01
0 226.58 763.83 260.58 792.83
0 280.59 585.9 323.59 610.9
0 501.26 461.18 520.26 481.18
0 695.83 368.0 723.83 388.0
0 703.04 257.25 728.04 277.25
0 543.9 145.63 558.9 170.63
0 118.58 830.94 146.58 864.94
0 186.05 849.85 219.05 884.85
2 127.04 946.3 140.04 992.3
2 218.95 936.13 226.95 964.13
2 278.82 916.29 287.82 947.29
2 272.14 765.21 309.14 775.21
2 212.62 604.23 221.62 640.23
2 612.64 338.31 621.64 373.31
2 975.0 282.97 997.0 292.97
2 803.99 273.35 814.99 305.35
2 692.92 317.19 720.92 326.19
2 626.71 639.23 633.71 657.23
2 888.45 287.13 896.45 301.13
2 780.54 181.71 788.54 196.71
2 761.02 248.16 768.02 262.16
2 363.64 459.95 370.64 472.95
2 120.45 771.16 182.45 832.16
2 196.7 652.24 269.7 729.24
2 433.97 766.03 477.97 815.03
2 476.24 508.18 523.24 555.18
2 475.91 544.02 514.91 579.02
2 518.06 561.14 561.06 607.14
2 504.13 657.84 549.13 708.84
2 599.9 688.19 638.9 725.19
2 721.74 648.29 753.74 682.29
2 698.85 894.9 733.85 931.9
2 852.99 960.01 888.99 993.01
2 967.78 614.94 1002.78 649.94
2 944.16 332.16 982.16 372.16
2 663.08 401.01 695.08 432.01
2 632.9 343.91 673.9 381.91
2 568.97 99.11 618.97 149.12
2 382.95 366.02 412.95 400.02
1 857.78 926.99 870.78 939.99
1 794.0 957.0 811.0 974.0
1 942.12 899.24 956.12 913.24
1 967.04 870.28 987.04 890.28
1 952.16 800.29 975.16 823.29
1 884.14 710.25 897.14 723.25
1 734.06 689.3 755.06 710.3
1 698.84 772.93 712.84 786.93
1 667.91 683.17 680.91 696.17
1 656.89 617.94 673.89 634.94
1 813.87 586.08 831.87 604.08
1 851.98 587.03 866.98 602.03
1 932.0 527.14 944.0 539.14
1 965.88 755.95 977.88 767.95
1 946.15 999.31 967.15 1020.31
1 771.87 640.96 789.87 658.96
1 591.84 942.05 611.84 962.05
1 558.98 896.03 573.98 911.03
1 516.77 798.98 530.77 812.98
1 580.81 730.97 601.81 751.97
1 591.18 568.27 610.18 587.27
1 840.96 530.17 864.96 554.17
1 841.0 795.23 867.0 821.23
1 916.73 695.99 939.73 718.99
1 641.04 947.02 657.04 963.02
1 631.04 512.31 657.04 538.31
1 494.21 905.4 520.21 931.4
1 408.22 970.27 424.22 986.27
1 893.82 109.05 921.82 137.05
1 848.76 101.0 869.76 122.0
1 855.72 366.92 871.72 382.92
1 793.22 472.27 809.22 488.27
1 925.08 496.32 939.08 510.32
1 956.16 483.33 975.16 502.33
1 767.0 351.19 789.0 373.19
1 491.14 418.3 512.14 439.3
1 736.78 335.99 749.78 348.99
1 945.03 452.23 962.03 469.23
1 795.89 535.94 812.89 552.94
1 686.81 475.97 707.81 496.97
1 898.16 528.34 920.16 550.34
1 499.88 592.98 516.88 609.98
1 566.87 520.96 584.87 538.96
1 347.09 744.19 362.09 759.19
1 960.91 550.17 973.91 563.17
1 145.0 897.12 159.0 911.12
1 408.98 873.03 423.98 888.03
1 763.22 767.27 779.22 783.27
1 864.07 862.16 881.07 879.16
1 889.64 632.75 903.64 646.75
1 446.0 824.68 455.0 834.68
1 988.22 179.27 1004.22 195.27
1 613.65 833.82 625.65 845.82
1 380.6 775.78 395.6 790.78
