0 823.21 493.21 886.21 607.21
0 570.53 336.95 645.53 413.95
0 908.37 422.3 990.37 487.3
0 952.67 83.36 1025.67 134.36
0 835.21 22.08 934.21 90.08
0 860.85 129.53 909.85 198.53
0 698.05 44.5 774.05 126.5
0 594.2 210.06 656.2 254.06
0 626.11 171.39 667.11 218.39
0 738.47 218.67 804.47 262.67
0 857.06 371.64 924.06 420.64
0 763.01 806.2 841.01 883.2
0 310.99 955.73 348.99 1013.73
0 641.44 529.6 681.44 582.6
0 542.14 520.05 603.14 560.05
0 483.64 761.55 545.64 802.55
0 728.31 302.25 777.31 363.25
0 411.24 868.07 446.24 911.07
0 229.0 595.55 263.0 643.55
0 134.33 228.59 180.33 259.59
0 731.38 542.35 796.38 584.35
0 685.17 402.14 728.17 446.14
0 671.02 242.62 713.02 289.62
0 31.31 544.65 66.31 591.65
0 492.11 933.39 537.11 969.39
0 578.24 944.28 639.24 985.28
0 555.97 796.74 615.97 836.74
0 640.21 721.18 698.21 764.18
0 778.35 378.09 828.35 406.09
2 222.17 808.34 279.17 865.34
2 653.32 897.39 750.32 993.39
2 806.36 397.07 884.36 475.07
2 878.4 206.46 960.4 288.46
2 767.81 144.52 886.81 263.52
2 819.15 288.56 870.15 339.56
2 489.18 309.31 544.18 364.31
2 365.17 236.65 424.17 295.65
2 341.0 43.22 403.0 105.22
2 75.34 695.36 127.34 746.36
2 181.34 716.27 225.34 761.27
2 194.37 687.72 240.37 733.72
2 27.99 928.09 75.99 976.09
2 310.02 137.34 350.02 176.34
2 419.37 179.07 475.37 217.07
2 490.03 86.39 530.03 112.39
2 445.04 94.4 470.04 111.4
2 495.23 -1.13 557.23 35.87
2 258.2 295.67 287.2 340.67
2 289.14 435.36 332.14 494.36
2 371.63 552.31 416.63 578.31
2 648.26 398.48 693.26 428.48
2 736.43 481.65 783.43 550.65
2 739.03 354.4 809.03 403.4
2 671.31 679.74 711.31 756.74
2 695.52 729.02 736.52 802.02
2 763.18 642.8 794.18 705.8
2 838.57 676.4 880.57 714.4
2 705.25 873.17 775.25 912.17
2 531.87 894.53 585.87 925.53
2 145.6 870.51 174.6 923.51
2 310.61 912.06 360.61 941.06
2 49.34 501.66 88.34 523.66
2 41.53 305.29 74.53 359.29
2 188.41 365.39 211.41 396.39
2 240.3 453.31 258.3 483.31
2 259.54 760.43 299.54 790.43
1 219.59 325.83 241.59 347.83
1 191.67 208.56 213.67 230.56
1 158.5 152.69 181.5 175.69
1 245.03 215.43 267.03 238.43
1 342.06 261.57 370.06 289.57
1 367.45 323.46 392.45 347.46
1 521.25 401.71 549.25 430.71
1 459.84 374.1 482.84 397.1
1 507.48 475.52 532.48 499.52
1 598.36 573.17 624.36 599.17
1 535.62 623.21 553.62 641.21
1 671.5 602.46 700.5 631.46
1 626.5 274.02 649.5 297.02
1 439.13 138.73 466.13 165.73
1 285.23 30.47 313.23 59.47
1 427.64 577.91 453.64 603.91
1 463.34 549.3 487.34 572.3
1 323.18 409.2 354.18 439.2
1 405.13 749.54 428.13 773.54
1 294.21 868.51 319.21 893.51
1 275.45 170.37 304.45 199.37
1 183.35 235.41 211.35 262.41
1 188.09 136.25 209.09 157.25
1 31.35 72.26 51.35 92.26
1 80.04 -0.16 109.04 27.84
1 78.5 28.69 101.5 51.69
1 575.86 33.37 594.86 52.37
1 330.37 543.19 352.37 565.19
1 349.87 468.1 376.87 495.1
1 214.34 369.87 244.34 399.87
1 170.4 401.22 192.4 423.22
1 95.49 469.72 124.49 498.72
1 67.32 679.35 91.32 702.35
1 89.16 784.65 112.16 807.65
1 354.5 802.76 385.5 833.76
1 346.13 719.71 371.13 744.71
1 374.34 721.18 396.34 743.18
1 460.31 768.35 482.31 789.35
1 674.52 911.31 693.52 930.31
1 859.68 998.54 877.68 1016.54
