0 221.03 672.43 278.03 716.43
0 282.22 722.3 332.22 767.3
0 139.38 693.22 166.38 754.22
0 201.02 804.52 239.02 831.52
0 179.45 867.51 208.45 911.51
0 226.03 865.46 246.03 892.46
0 119.31 859.86 150.31 897.86
0 134.15 819.12 157.15 852.12
0 96.41 824.38 119.41 856.38
0 119.23 899.31 145.23 916.31
0 193.08 648.35 233.08 667.35
0 223.5 563.27 251.5 601.27
0 357.17 697.45 394.17 747.45
0 299.27 786.35 318.27 820.35
0 276.43 827.25 301.43 852.25
0 225.37 505.4 249.37 529.4
0 344.22 610.26 372.22 635.26
0 402.24 423.43 447.24 464.43
0 307.21 459.15 345.21 492.15
0 195.16 328.18 245.16 378.18
0 256.23 459.52 288.23 489.52
0 328.21 553.64 379.21 592.64
0 413.38 580.68 439.38 609.68
0 394.18 531.27 438.18 566.27
0 423.02 492.68 451.02 514.68
0 357.19 480.51 387.19 511.51
0 352.03 447.61 397.03 483.61
0 384.37 340.45 420.37 382.45
0 415.05 277.46 451.05 316.46
0 286.13 420.68 313.13 448.68
0 325.22 529.65 351.22 548.65
0 177.99 526.57 198.99 555.57
0 184.01 452.41 213.01 467.41
0 473.23 527.1 512.23 551.1
0 557.55 465.42 600.55 498.42
0 596.32 557.43 624.32 582.43
0 493.02 406.09 533.02 462.09
0 507.33 359.56 530.33 393.56
0 507.28 290.58 537.28 334.58
0 620.31 313.1 670.31 347.1
0 450.57 368.4 488.57 394.4
0 455.45 449.71 484.45 475.71
0 535.22 483.54 565.22 520.54
0 325.18 313.11 376.18 354.11
0 650.28 431.67 674.28 482.67
0 751.36 279.71 798.36 344.71
0 854.97 364.15 896.97 413.15
0 797.19 496.4 858.19 558.4
0 956.99 278.15 991.99 332.15
0 960.99 399.21 991.99 433.21
0 51.43 302.15 118.43 352.15
0 233.52 206.34 280.52 250.34
0 309.2 243.37 345.2 293.37
0 190.21 239.39 219.21 271.39
0 574.0 607.4 611.0 660.4
0 890.05 549.18 931.05 586.18
0 768.88 390.24 802.88 424.24
0 572.1 217.49 618.1 259.49
0 400.01 792.27 432.01 837.27
0 478.57 759.47 510.57 783.47
0 661.18 792.35 693.18 813.35
0 496.49 580.52 532.49 630.52
0 455.29 609.1 492.29 660.1
0 841.95 648.34 871.95 672.34
0 684.5 867.62 713.5 899.62
0 146.41 934.7 176.41 975.7
0 460.42 800.46 496.42 830.46
0 76.24 208.08 101.24 241.08
0 194.08 286.72 235.08 316.72
0 390.45 868.31 426.45 895.31
0 944.33 525.41 982.33 565.41
0 887.02 939.11 917.02 965.11
0 130.41 363.26 174.41 404.26
0 39.21 424.58 96.21 465.58
0 47.98 368.35 81.98 415.35
0 98.28 409.69 124.28 440.69
0 59.11 567.17 100.11 596.17
0 43.28 548.29 117.28 613.29
0 110.33 486.4 158.33 532.4
0 268.26 530.44 307.26 564.44
0 740.97 441.72 770.97 484.72
0 948.61 452.45 975.61 471.45
2 795.99 416.6 840.99 461.6
2 762.0 450.65 800.0 488.65
2 322.06 192.64 392.06 262.64
2 132.06 296.72 165.06 329.72
2 6.99 242.18 44.99 280.18
2 115.06 445.19 146.06 475.19
2 216.52 401.69 248.52 431.69
2 307.54 379.26 339.54 415.26
2 336.96 381.69 369.96 417.69
2 435.68 851.15 473.68 889.15
2 511.13 849.48 549.13 888.48
2 624.27 613.46 663.27 656.46
2 593.5 498.42 657.5 565.42
2 703.23 492.41 738.23 528.41
2 774.03 518.55 805.03 552.55
2 714.31 462.26 760.31 511.26
2 793.52 679.58 835.52 722.58
2 835.28 688.42 890.28 745.42
2 885.29 796.54 920.29 832.54
2 965.35 720.53 992.35 746.53
2 427.3 686.78 457.3 716.78
2 134.96 629.39 179.96 678.39
2 33.24 906.12 74.25 947.12
2 522.55 948.38 566.55 990.38
2 684.48 736.79 713.48 765.79
2 539.27 346.38 623.27 427.38
2 564.45 388.99 592.45 408.99
2 584.01 308.81 614.01 356.81
2 649.38 223.66 669.38 256.66
2 407.55 177.76 455.55 207.76
2 413.22 346.62 461.22 372.62
2 231.74 942.69 264.74 964.69
2 160.4 966.63 185.4 984.63
2 200.38 731.55 222.38 772.55
2 325.28 615.9 348.28 661.9
2 378.54 623.27 403.54 669.27
2 509.71 184.53 550.71 209.53
2 662.26 498.8 693.26 522.8
2 823.98 588.24 850.98 624.24
2 986.41 623.21 1010.41 653.21
2 933.56 597.6 969.56 629.6
2 930.12 626.11 965.12 652.11
2 757.02 656.55 803.02 688.55
2 853.51 800.72 879.51 841.72
2 834.16 770.08 868.16 794.08
2 801.17 873.17 829.17 898.17
2 719.07 699.14 755.07 727.14
2 629.73 697.46 653.73 715.46
2 628.62 782.36 653.62 801.36
2 514.66 729.25 533.66 748.25
2 499.49 873.76 522.49 910.76
2 463.15 903.19 490.15 926.19
2 459.26 944.42 477.26 965.42
2 422.43 964.21 452.43 990.21
2 398.26 975.66 420.26 1007.66
2 308.59 887.34 337.59 910.34
2 289.2 971.42 326.2 1008.42
2 358.22 859.49 387.22 887.49
2 864.5 199.5 914.5 249.5
2 531.02 753.61 588.02 810.61
2 674.02 560.67 711.02 602.67
2 270.05 955.39 299.05 984.39
2 -1.69 717.07 26.31 763.07
2 81.0 731.07 121.0 776.07
2 81.0 731.07 121.0 776.07
2 762.96 754.77 786.96 787.77
2 167.63 252.69 194.63 275.69
2 115.62 255.25 153.62 279.25
2 -3.23 316.7 45.77 389.7
2 159.25 451.32 185.25 481.32
2 245.39 397.35 270.39 438.35
2 269.33 322.29 312.33 345.29
2 287.49 389.4 326.49 427.4
2 680.12 992.63 713.12 1024.63
2 750.08 936.12 770.08 952.12
2 644.44 896.07 694.44 946.07
2 898.99 399.62 953.99 460.62
2 848.42 382.72 867.42 408.72
2 971.44 481.28 993.44 512.28
2 939.19 492.11 983.19 536.11
2 962.31 645.68 988.31 671.68
2 717.23 812.31 749.23 844.31
2 558.5 717.74 584.5 743.74
2 811.08 611.37 841.08 640.37
2 494.52 615.13 543.52 664.13
2 739.41 574.2 787.41 622.2
2 698.03 307.34 713.03 322.34
1 808.99 364.35 823.99 380.35
1 903.2 345.39 920.2 363.39
1 491.0 154.24 519.0 182.24
1 392.27 137.5 416.27 161.5
1 29.34 160.61 44.34 175.61
1 88.57 141.5 101.57 154.5
1 134.36 205.38 156.36 227.38
1 107.52 308.61 125.52 325.61
1 76.25 622.18 89.25 635.18
1 70.18 713.47 83.18 727.47
1 73.97 776.4 93.97 796.4
1 58.7 829.74 75.7 841.74
1 57.95 859.52 80.95 874.52
1 90.48 928.4 109.48 953.4
1 118.94 985.27 133.94 999.27
1 7.57 986.98 32.57 1002.98
1 27.24 942.85 55.24 965.85
1 259.49 905.96 275.49 919.96
1 208.16 947.49 225.16 974.49
1 224.22 999.49 243.22 1012.49
1 272.27 861.4 296.27 876.4
1 218.98 733.12 235.98 744.12
1 176.43 756.66 200.43 784.66
1 364.95 779.12 384.95 810.12
1 381.35 802.59 395.35 822.59
1 339.48 820.73 370.48 851.73
1 539.52 662.72 568.52 691.72
1 405.52 731.48 426.52 752.48
1 618.05 887.55 638.05 907.55
1 638.56 862.5 655.56 878.5
1 560.18 906.66 587.18 933.66
1 599.5 914.38 620.5 935.38
1 607.47 446.19 641.47 480.19
1 512.5 561.57 525.5 574.57
1 546.5 425.18 566.5 445.18
1 726.99 907.21 750.99 931.21
1 706.03 940.72 727.03 961.72
1 708.5 972.71 733.5 997.71
1 745.0 999.73 770.0 1024.73
1 763.5 991.71 788.5 1016.71
1 771.5 852.21 794.5 875.21
1 767.49 891.71 788.49 912.71
1 765.97 808.72 786.97 829.72
1 769.0 699.57 786.0 716.57
1 792.0 728.13 808.0 743.13
1 697.4 779.5 720.4 795.5
1 706.5 723.87 716.5 733.87
1 711.13 836.32 721.13 846.32
1 740.23 827.3 752.23 839.3
1 769.18 778.09 786.18 795.09
1 674.67 684.39 690.67 700.39
1 671.0 655.18 685.0 668.18
1 720.85 626.65 740.85 643.65
1 673.04 713.23 683.04 731.23
1 611.52 523.33 631.52 550.33
1 632.11 555.16 648.11 572.16
1 691.0 553.5 709.0 571.5
1 671.14 583.31 685.14 599.31
1 673.16 350.13 703.16 410.13
1 539.21 441.38 545.21 450.38
1 476.18 252.5 497.18 285.5
1 177.35 192.72 186.35 206.72
1 96.51 183.44 107.51 193.44
1 -0.26 216.76 5.74 229.76
1 19.11 485.52 33.11 505.52
1 24.06 671.28 40.06 690.28
1 44.47 628.58 70.47 656.58
1 63.04 729.89 78.04 744.89
1 5.51 810.82 19.51 824.82
1 5.98 832.77 35.98 865.77
1 9.32 870.31 38.32 900.31
1 229.01 763.61 246.01 782.61
1 381.08 944.41 397.08 959.41
1 401.17 948.57 416.17 964.57
1 353.4 959.5 363.4 971.5
1 348.12 973.59 364.12 988.59
1 354.45 929.59 371.45 947.59
1 345.33 946.18 357.33 959.18
1 361.85 948.16 371.85 959.16
1 361.08 902.6 384.08 928.6
1 325.84 1010.15 342.84 1025.15
1 403.29 1008.57 416.29 1021.57
1 557.01 991.5 580.01 1011.5
1 474.25 991.18 490.25 1007.18
1 503.48 923.35 526.48 945.35
1 603.94 966.51 625.94 988.51
1 636.17 967.41 657.17 988.41
1 664.51 940.57 680.51 955.57
1 676.14 925.27 691.14 938.27
1 809.35 968.73 832.35 993.73
1 818.38 939.68 839.38 958.68
1 872.29 929.36 886.29 943.36
1 879.72 1006.44 905.72 1025.44
1 926.11 1014.14 941.11 1025.14
1 978.16 996.41 995.16 1010.41
1 959.4 990.4 979.4 1011.4
1 990.97 954.35 1010.97 975.35
1 964.13 904.38 978.13 918.38
1 983.45 828.98 999.45 845.98
1 957.35 820.69 975.35 838.69
1 951.36 862.65 975.36 888.65
1 904.4 877.22 926.4 899.22
1 996.51 800.67 1019.51 823.67
1 976.25 789.2 994.25 806.2
1 907.0 765.21 936.0 797.21
1 990.31 743.48 1016.31 773.48
1 1000.24 706.26 1021.24 726.26
1 899.0 680.19 925.0 703.19
1 972.52 572.98 1013.52 615.98
1 885.3 507.14 905.3 526.14
1 881.51 544.42 897.51 562.42
1 811.15 543.5 848.15 577.5
1 858.58 601.27 878.58 622.27
1 681.12 847.8 697.12 861.8
1 805.03 786.18 825.03 805.18
1 899.02 835.48 915.02 853.48
1 633.32 746.15 651.32 765.15
1 532.0 828.14 547.0 844.14
1 490.56 805.6 518.57 835.6
1 520.49 803.35 537.49 819.35
1 441.25 717.46 471.25 745.46
1 180.31 359.19 199.31 380.19
1 204.95 389.67 223.95 407.67
1 215.05 437.53 226.05 448.53
1 257.15 348.28 273.15 363.28
1 291.34 343.94 312.34 366.94
1 173.41 495.02 196.41 519.02
1 174.02 598.26 196.02 623.26
1 142.2 486.48 153.2 498.48
