0 584.07 714.56 637.07 757.56
0 491.69 846.42 533.69 876.42
0 57.41 661.76 101.41 711.76
0 147.5 642.29 192.5 687.29
0 923.48 817.43 984.48 881.43
0 572.96 922.36 610.96 972.36
0 648.46 224.41 699.46 270.41
0 644.34 56.67 682.34 99.67
0 933.11 6.29 996.11 51.29
0 949.26 409.91 1005.26 484.91
0 767.4 827.12 815.4 877.12
0 793.29 390.07 853.29 434.07
0 816.97 257.39 858.97 288.39
0 548.5 492.48 578.5 521.48
2 390.23 392.36 435.23 437.36
2 467.4 375.42 519.4 427.42
2 341.36 818.34 401.36 879.34
2 147.28 786.64 207.28 845.64
2 517.31 984.11 557.31 1024.11
2 622.24 966.17 663.24 1006.17
2 523.55 338.38 572.55 388.38
2 681.53 278.28 754.53 351.28
2 785.0 485.75 851.0 551.75
2 833.0 520.48 911.0 598.48
2 835.07 582.38 917.07 664.38
2 746.29 964.46 788.29 1006.46
2 819.41 921.23 863.41 964.23
2 736.99 847.09 774.99 885.09
2 599.66 225.12 637.66 263.12
2 556.0 144.34 592.0 181.34
2 152.49 190.38 203.49 240.38
2 17.01 43.12 59.01 85.12
2 95.6 307.83 133.6 345.83
2 233.31 284.11 273.31 324.11
2 318.5 427.23 357.5 466.23
2 459.23 516.39 491.23 549.39
2 581.16 501.59 608.16 529.59
2 778.32 720.29 816.32 757.29
2 552.07 5.09 593.07 47.09
2 829.0 47.08 871.0 89.08
2 950.29 287.68 1004.29 341.68
2 934.51 165.32 1013.51 244.32
2 920.12 111.07 965.12 157.07
2 875.91 269.25 918.91 312.25
2 740.31 512.55 798.31 570.55
2 759.5 675.59 800.5 716.59
2 39.91 945.25 82.91 988.25
2 30.09 985.12 71.09 1025.12
2 99.7 904.55 129.7 934.55
2 181.04 908.54 219.04 946.54
2 264.69 914.19 300.69 950.19
2 510.23 684.19 543.23 716.19
2 831.91 161.25 874.91 204.25
2 688.0 444.0 736.0 492.0
2 685.02 418.5 719.02 452.5
2 666.25 588.98 703.25 625.98
2 550.49 439.31 585.49 474.31
2 754.66 93.78 779.66 122.78
2 775.01 139.2 809.01 185.2
2 306.38 315.5 344.38 371.5
2 546.04 755.33 578.04 802.33
2 660.67 716.63 704.67 760.63
2 23.88 595.34 54.88 626.34
2 165.26 937.45 197.26 969.45
2 420.0 687.53 456.0 723.53
1 405.12 491.34 436.12 522.34
1 310.5 502.01 341.5 533.01
1 347.02 570.3 369.02 591.3
1 243.82 816.68 274.82 847.68
1 255.36 432.79 275.36 452.79
1 295.49 618.45 320.49 643.45
1 249.31 700.41 273.31 725.41
1 263.5 727.75 288.5 752.75
1 50.52 417.39 73.52 440.39
1 67.49 461.49 88.49 481.49
1 51.34 339.37 79.34 366.37
1 31.43 305.4 59.43 332.4
1 114.28 90.17 135.28 110.17
1 109.2 110.71 136.2 137.71
1 137.27 3.55 161.27 27.55
1 90.35 18.33 116.35 43.33
1 293.3 379.52 317.3 403.52
1 305.13 433.54 324.13 453.54
1 618.32 644.73 644.32 671.73
1 614.0 594.21 638.0 618.21
1 628.96 524.49 654.96 550.49
1 545.0 531.1 563.0 549.1
1 512.3 420.47 533.3 441.47
1 461.13 345.54 480.13 365.54
1 449.3 323.51 469.3 343.51
1 425.3 298.41 449.3 323.41
1 413.12 155.38 436.12 178.38
1 433.5 109.65 462.5 138.65
1 377.99 72.78 397.99 92.78
1 508.21 207.18 525.21 225.18
1 488.5 294.55 515.5 320.55
1 249.0 133.27 271.0 155.27
1 228.07 142.32 245.07 159.32
1 206.5 133.59 233.5 161.59
1 131.4 358.16 151.4 378.16
1 170.01 379.33 194.01 402.33
1 106.12 506.98 123.12 523.98
1 48.59 555.52 68.59 575.52
1 20.0 690.18 40.0 710.18
1 66.27 580.41 88.27 602.41
1 81.11 519.89 92.11 530.89
1 209.5 370.54 226.5 388.54
1 214.29 307.18 232.29 325.18
1 644.21 405.48 666.21 428.48
1 637.32 333.49 657.32 353.49
1 635.37 351.32 655.37 370.32
1 603.14 132.58 626.14 154.58
1 143.33 325.37 171.33 352.37
1 -0.72 590.4 18.28 615.4
1 24.0 904.45 44.0 925.45
1 75.35 804.68 103.35 831.68
1 89.39 725.58 113.39 749.58
1 118.3 699.18 136.3 717.18
1 158.29 703.18 176.29 721.18
1 231.23 637.22 254.23 659.22
1 375.5 738.48 404.5 767.48
1 421.3 803.51 441.3 823.51
1 407.51 885.49 428.51 905.49
1 95.61 944.54 113.61 962.54
1 118.15 1000.58 135.15 1018.58
1 320.14 658.34 345.14 683.34
1 314.34 809.2 336.34 831.2
1 305.35 882.4 325.35 903.4
1 461.0 962.47 483.0 984.47
1 442.3 954.47 464.3 976.47
1 330.52 1003.31 349.52 1022.31
1 580.35 869.69 602.35 890.69
1 688.14 946.34 713.14 971.34
1 394.35 505.51 420.35 532.51
1 311.33 130.75 339.33 157.75
1 467.5 16.46 488.5 37.46
1 495.37 33.25 511.37 48.25
1 287.37 441.54 311.37 465.54
1 557.24 308.5 585.24 337.5
1 616.95 386.62 642.95 412.62
1 531.29 153.52 563.29 185.52
1 241.08 51.55 268.08 79.55
1 82.32 251.21 112.32 281.21
1 160.0 485.43 200.0 525.43
1 1.17 790.67 20.17 809.67
1 125.0 863.26 151.0 889.26
1 190.25 607.72 219.25 636.72
1 193.2 994.71 220.2 1021.71
1 494.31 660.53 524.31 690.53
1 437.12 221.3 456.12 240.3
1 486.54 171.41 513.54 198.41
1 726.27 132.46 755.27 161.46
1 729.32 414.43 753.32 439.43
1 982.24 706.24 1011.24 734.24
1 821.26 435.71 845.26 460.71
1 920.46 295.32 943.46 318.32
1 928.0 218.24 956.0 246.24
1 244.15 252.4 273.15 281.4
1 139.84 450.1 162.84 473.1
1 325.12 575.38 348.12 598.38
1 284.52 633.59 307.52 657.59
1 398.14 970.23 431.14 1002.23
1 535.5 853.71 560.5 878.71
1 1008.12 618.38 1025.12 639.38
1 371.21 310.5 406.21 344.5
1 291.37 63.38 319.37 90.38
1 223.48 531.52 248.48 555.52
1 -1.03 871.21 21.97 901.21
1 744.0 58.18 764.0 78.18
