0 65.03 440.47 132.03 543.47
0 231.09 585.25 299.09 659.25
0 405.15 443.3 458.15 525.3
0 754.27 388.0 801.27 456.0
0 827.29 406.47 869.29 445.47
0 966.69 522.2 1025.69 565.2
0 932.04 659.4 994.04 756.4
0 951.83 752.52 1007.83 817.52
0 920.07 939.62 997.07 990.62
0 753.28 740.06 829.28 852.06
0 653.34 578.26 710.34 657.26
0 567.27 650.25 634.27 747.25
0 482.43 679.25 536.43 757.25
0 411.39 639.14 463.39 700.14
0 386.31 848.62 443.31 910.62
0 292.12 881.53 361.12 951.53
0 135.25 803.56 234.25 906.56
0 48.32 715.11 89.32 777.11
0 94.12 626.36 143.12 671.36
0 151.39 587.84 188.39 629.84
0 549.07 853.33 629.07 925.33
0 645.1 977.29 699.1 1011.29
0 14.31 995.1 62.31 1025.1
0 429.17 927.32 487.17 978.32
2 260.2 312.17 328.2 380.17
2 546.29 459.44 598.29 510.44
2 677.44 442.2 730.44 495.2
2 683.02 641.48 805.02 762.48
2 585.87 763.44 716.87 893.44
2 868.12 811.61 966.12 908.61
2 706.11 893.31 801.11 986.31
2 302.12 653.55 395.12 746.55
2 378.25 804.27 438.25 864.27
2 388.34 719.31 436.34 766.31
2 139.31 671.66 205.31 737.66
2 83.02 731.1 136.02 783.1
2 275.38 823.35 331.38 877.35
2 2.18 743.02 78.18 819.02
2 239.03 977.56 269.03 1007.56
2 511.21 816.57 554.21 859.57
2 436.09 776.17 466.09 830.17
2 184.47 954.55 226.47 1013.55
2 364.94 981.31 421.94 1016.31
2 390.43 347.42 427.43 411.42
2 946.49 577.65 999.49 659.65
2 166.16 874.39 217.16 926.39
1 316.1 555.23 341.1 578.23
1 717.4 281.03 747.4 309.03
1 780.07 578.07 792.07 590.07
1 899.11 579.27 923.11 603.27
1 221.65 611.57 251.65 643.57
1 155.32 582.56 181.32 606.56
1 122.13 471.56 142.13 503.56
1 122.13 471.56 142.13 503.56
1 280.01 888.05 306.01 914.05
1 591.34 793.02 628.34 830.02
1 547.5 637.11 568.5 658.11
