0 112.31 171.48 141.31 211.48
0 188.18 151.76 217.18 196.76
0 144.55 306.91 195.55 343.91
0 185.12 247.19 220.12 301.19
0 212.26 550.29 270.26 611.29
0 302.27 674.38 340.27 735.38
0 170.62 491.29 226.62 559.29
0 286.16 271.42 307.16 298.42
0 15.82 177.19 114.82 260.19
0 192.5 113.41 247.5 208.41
0 273.31 476.42 297.31 509.42
0 369.97 635.56 421.97 668.56
0 213.32 836.35 245.32 877.35
0 297.33 869.37 361.33 976.37
0 448.52 466.51 467.52 507.51
0 451.75 461.34 485.75 477.34
0 495.11 460.07 537.11 488.07
0 279.98 126.24 371.98 195.24
0 403.23 65.53 426.23 97.53
0 482.12 691.75 519.12 745.75
0 344.45 766.39 374.45 795.39
0 411.5 943.38 464.5 979.38
0 980.5 791.5 1019.5 847.5
0 923.44 819.63 956.44 852.63
0 735.18 405.56 794.18 450.56
0 478.25 48.26 503.25 65.26
0 527.04 54.3 545.04 78.3
0 561.2 64.35 580.2 89.35
0 287.44 29.63 307.44 50.63
0 329.11 35.5 344.11 55.5
0 324.23 223.48 341.23 239.48
0 113.97 117.35 132.97 136.35
0 355.68 466.62 381.68 485.62
0 6.2 439.3 28.2 466.3
0 56.49 804.1 75.49 831.1
0 539.87 299.22 558.87 317.22
0 582.32 253.38 612.32 296.38
0 578.41 490.15 597.41 503.15
0 621.8 375.2 640.8 397.2
0 708.13 662.69 725.13 685.69
0 572.26 739.16 589.26 753.16
0 489.5 540.32 510.5 569.32
0 324.23 507.57 342.23 531.57
0 637.23 499.37 717.23 603.37
0 70.31 555.76 100.31 581.76
0 80.5 459.34 160.5 527.34
0 483.22 207.38 538.22 246.38
0 838.32 576.2 856.32 592.2
0 910.46 589.47 929.46 609.47
0 962.25 544.8 991.25 580.8
0 933.19 901.58 953.19 925.58
0 236.51 651.34 256.51 674.34
0 52.13 972.84 77.13 992.84
0 22.35 989.69 56.35 1017.69
0 116.99 633.55 146.99 657.55
0 17.13 539.28 60.13 605.28
0 9.16 610.11 76.16 690.11
0 78.35 608.06 108.35 643.06
0 327.89 303.2 346.89 325.2
0 550.98 314.96 596.98 363.96
0 530.15 345.21 623.15 408.21
0 608.24 457.56 625.24 493.56
0 641.89 175.3 680.89 214.3
0 916.92 394.32 974.92 459.32
0 758.29 221.57 776.29 241.57
0 804.32 6.5 826.32 43.5
2 772.95 636.44 798.95 665.44
2 298.94 788.3 356.94 853.3
2 135.53 90.22 193.53 169.22
2 229.33 27.55 245.33 47.55
2 720.0 730.28 836.0 851.28
2 666.5 973.24 693.5 999.24
2 757.34 345.18 817.34 403.18
2 720.35 287.37 782.35 346.37
2 509.99 519.31 561.99 570.31
1 600.18 873.61 618.18 890.61
1 292.97 395.04 314.97 416.04
1 256.09 338.6 285.09 356.6
1 102.9 274.47 123.9 304.47
1 29.1 482.39 56.1 519.39
1 672.0 365.5 692.0 397.5
1 276.9 938.51 294.9 956.51
1 918.41 116.06 937.41 135.06
1 662.46 134.46 680.46 152.46
1 415.89 189.7 435.89 214.7
1 736.55 478.41 751.55 491.41
1 561.02 431.58 571.02 448.58
1 317.19 473.3 344.19 492.3
1 326.33 338.95 344.33 351.95
1 349.8 889.49 364.8 909.49
1 296.98 144.4 310.98 154.4
1 334.83 77.45 347.83 89.45
1 511.18 624.49 526.18 638.49
1 118.24 238.57 135.24 260.57
1 162.24 174.44 179.24 191.44
1 963.41 857.55 987.41 881.55
1 447.51 887.71 468.51 908.71
1 421.22 759.21 440.22 777.21
1 155.0 892.57 177.0 914.57
1 39.42 905.72 60.42 930.72
1 50.03 780.41 67.03 794.41
1 732.62 935.63 748.62 959.63
