0 30.2 123.75 67.2 151.75
0 154.24 150.77 204.24 192.77
0 129.18 241.36 178.18 286.36
0 509.95 -3.36 573.95 66.64
0 616.24 75.1 648.24 152.1
0 768.99 298.36 807.99 322.36
0 514.97 312.17 572.97 383.17
0 938.04 640.63 1020.04 779.63
0 177.33 649.57 242.33 691.57
0 801.32 567.37 839.32 589.37
0 917.43 29.32 934.43 65.32
0 14.4 12.35 49.4 55.35
0 242.33 58.25 285.33 102.25
2 720.92 300.15 756.92 339.15
2 452.06 530.47 486.06 564.47
2 768.63 821.26 810.63 862.26
2 646.17 643.19 673.17 668.19
2 467.51 765.47 508.51 825.47
2 558.17 743.67 659.17 871.67
2 672.2 726.21 717.2 771.21
2 911.19 458.69 977.19 531.69
2 984.14 337.82 1016.14 375.82
2 475.16 380.25 500.16 404.25
2 346.62 276.95 374.62 309.95
2 665.05 912.37 702.05 944.37
2 981.28 828.2 1018.28 866.2
2 831.21 305.06 879.21 353.06
2 531.1 584.37 591.1 648.37
2 531.29 693.67 561.29 724.67
2 257.82 628.36 295.82 664.36
1 241.45 129.23 262.45 149.23
1 258.13 150.4 276.13 173.4
1 284.45 163.63 323.45 191.63
1 128.98 112.55 154.98 138.55
1 460.58 100.41 495.58 126.41
1 492.76 88.28 502.76 99.28
1 442.3 78.58 461.3 100.58
1 491.36 189.61 517.36 222.61
1 840.17 27.35 859.17 51.35
1 740.01 91.45 761.01 111.45
1 651.37 52.17 670.37 73.17
1 687.23 221.62 706.23 237.62
1 645.06 451.48 671.06 478.48
1 125.17 389.64 167.17 433.64
1 315.24 459.4 342.24 482.4
1 392.56 684.32 411.56 699.32
1 453.48 615.51 477.48 647.51
1 341.5 702.21 359.5 719.21
1 199.15 782.53 221.15 802.53
1 257.73 766.37 277.73 787.37
1 431.0 814.36 463.0 845.36
1 585.43 730.34 602.43 745.34
1 200.21 929.45 223.21 946.45
1 311.24 739.38 359.24 777.38
1 688.96 594.21 717.96 621.21
1 865.28 542.32 888.28 568.32
1 785.37 67.18 812.37 87.18
1 678.38 111.39 690.38 127.39
1 627.46 375.55 644.46 392.55
1 869.12 473.08 893.12 496.08
1 420.15 397.02 431.15 407.02
1 408.96 781.44 434.96 802.44
1 371.35 790.43 395.35 822.43
1 403.0 837.5 417.0 856.5
1 661.15 562.66 680.15 579.66
1 960.46 568.47 981.46 589.47
1 463.43 423.47 484.43 443.47
1 712.99 870.01 744.99 893.01
1 788.02 952.22 810.02 974.22
1 861.48 935.1 902.48 964.1
1 821.48 895.16 854.48 938.16
1 974.04 992.25 999.04 1018.25
1 935.55 986.7 954.55 1004.7
1 977.1 870.66 993.1 884.66
1 983.98 783.77 1005.98 813.77
1 918.51 903.12 930.51 916.12
1 759.95 790.49 773.95 810.49
1 590.17 207.61 613.17 239.61
1 31.17 826.31 58.17 860.31
1 626.69 881.45 657.69 908.45
1 595.23 292.03 617.23 321.03
1 589.27 377.41 607.27 401.41
1 158.27 545.48 185.27 570.48
1 293.36 651.56 318.36 677.56
1 519.97 263.97 555.97 298.97
1 547.91 433.31 568.91 450.31
1 481.93 986.14 507.93 1002.14
1 626.94 952.19 658.94 977.19
1 620.19 489.32 648.19 516.32
1 323.0 11.36 359.0 41.36
1 234.16 610.99 258.16 625.99
1 245.62 574.49 266.62 597.49
1 754.13 575.39 769.13 588.39
