0 30.23 130.3 57.23 157.3
0 195.12 147.59 231.12 178.59
0 266.18 181.29 312.18 236.29
0 201.24 -2.03 257.24 39.97
0 308.39 149.28 324.39 161.28
0 392.1 17.06 422.1 45.06
0 485.3 22.83 523.3 94.83
0 62.99 374.43 88.99 392.43
0 269.92 294.4 340.92 334.4
0 360.04 234.28 409.04 268.28
0 361.89 258.42 392.89 302.42
0 409.04 98.18 450.04 126.18
0 237.16 597.17 301.16 673.17
0 272.53 450.32 304.53 481.32
0 760.3 389.69 807.3 420.69
0 309.39 407.39 342.39 453.39
0 555.12 367.3 613.12 412.3
0 571.36 162.41 616.36 193.41
0 821.83 299.96 880.83 355.96
0 161.5 769.48 209.5 803.48
0 73.05 669.59 106.05 720.59
0 26.48 784.58 71.48 807.58
0 185.4 852.12 229.4 888.12
0 402.09 961.51 466.09 1024.51
0 480.1 870.29 520.1 924.29
0 728.21 884.5 789.21 952.5
0 477.07 586.59 507.07 628.59
0 474.2 638.61 502.2 679.61
0 619.01 922.35 669.01 958.35
0 688.09 569.59 721.09 610.59
0 861.42 499.41 912.42 523.41
0 935.17 742.27 984.17 766.27
0 727.51 700.33 761.51 732.33
0 746.61 822.57 782.61 840.57
0 685.99 948.54 726.99 978.54
0 633.45 597.08 676.45 628.08
0 552.21 883.27 599.21 916.27
0 572.62 768.08 595.62 796.08
0 784.12 117.3 849.12 166.3
0 840.7 37.05 872.7 65.05
0 853.5 194.1 886.5 217.1
0 874.1 94.49 978.1 168.49
0 640.16 388.31 681.16 436.31
0 741.45 957.03 854.45 1027.03
0 393.41 813.8 419.41 842.8
0 328.71 334.53 375.71 371.53
0 -2.43 735.0 38.56 787.0
0 270.31 931.27 304.31 957.27
0 299.19 851.28 373.19 912.28
0 704.46 108.46 730.46 130.46
0 984.02 961.61 1025.02 987.61
0 680.53 333.35 709.53 357.35
0 950.56 819.76 973.56 848.76
0 670.54 297.34 692.54 313.34
0 701.13 251.23 721.13 268.23
0 50.81 731.88 89.81 759.88
2 321.57 133.42 379.57 182.42
2 424.6 140.38 447.6 165.38
2 610.9 101.67 658.9 152.67
2 174.13 209.16 226.13 256.16
2 48.09 158.55 75.09 185.55
2 17.95 349.35 44.95 381.35
2 242.41 52.3 271.41 74.3
2 14.55 474.69 39.55 495.69
2 46.45 587.39 69.45 612.39
2 271.84 746.24 304.84 771.24
2 124.09 818.07 167.09 854.07
2 227.2 962.79 254.2 1026.79
2 307.09 464.55 328.09 482.55
2 378.37 425.4 407.37 457.4
2 475.61 386.47 499.61 407.47
2 499.18 636.51 531.18 677.51
2 805.52 259.29 840.52 292.29
2 714.86 362.49 742.86 392.49
2 660.1 451.36 695.1 481.36
2 889.08 16.54 926.08 50.54
2 804.61 62.62 831.61 80.62
2 930.3 365.5 962.3 394.5
2 94.61 632.58 120.61 658.58
2 84.32 961.39 97.32 973.39
2 583.89 623.15 631.89 670.15
2 591.4 657.51 615.4 682.51
2 723.49 445.7 754.49 475.7
2 178.07 565.61 195.07 582.61
2 396.46 398.02 409.46 411.02
2 415.0 405.62 430.0 420.62
2 492.05 272.64 513.05 293.64
2 528.0 289.69 545.0 306.69
2 526.95 312.56 543.95 329.56
2 618.5 305.69 642.5 328.69
2 639.45 319.22 661.45 340.22
2 540.68 610.66 566.68 628.66
2 628.5 681.62 643.5 696.62
2 368.51 573.58 451.51 656.58
2 273.0 132.23 302.0 162.23
2 379.52 158.26 409.52 188.26
2 398.98 172.23 428.98 202.23
2 902.98 160.23 932.98 190.23
2 956.49 218.25 987.49 249.25
2 755.48 98.26 781.48 124.26
2 724.47 197.16 779.47 252.16
2 806.0 2.12 843.0 39.12
2 800.51 458.67 822.51 480.67
2 915.0 514.21 939.0 538.21
2 566.0 118.74 587.0 139.74
2 588.5 219.62 634.5 265.62
2 1008.9 388.16 1024.9 411.16
2 971.54 46.15 988.54 63.15
2 905.5 295.7 923.5 313.7
2 781.98 210.24 810.98 239.24
1 233.44 494.28 243.44 504.28
1 251.97 350.13 264.97 363.13
1 228.0 353.16 243.0 369.16
1 230.99 232.24 251.99 253.24
1 285.0 161.16 297.0 173.16
1 426.0 248.65 435.0 257.65
1 499.51 322.22 512.51 335.22
1 407.5 307.5 423.5 323.5
1 412.48 348.58 423.48 359.58
1 385.95 372.65 395.95 382.65
1 419.0 370.65 428.0 379.65
1 267.0 554.64 284.0 571.64
1 339.5 551.5 349.5 561.5
1 331.52 585.64 344.52 598.64
1 268.5 690.3 284.5 706.3
1 359.5 654.64 378.5 673.64
1 443.02 737.15 461.02 755.15
1 536.51 647.15 550.51 661.15
1 583.47 623.17 602.47 642.17
1 646.5 694.6 663.5 711.6
1 678.43 700.6 693.43 713.6
1 600.36 14.15 611.36 24.15
1 614.0 36.0 627.0 46.0
1 593.08 77.24 604.08 90.24
1 499.57 104.56 508.57 112.56
1 534.57 107.56 543.57 115.56
1 557.53 318.04 571.53 329.04
1 562.5 336.2 575.5 353.2
1 480.47 360.58 502.47 376.58
1 714.0 201.66 731.0 214.66
1 766.05 169.13 785.05 186.13
1 801.56 188.57 809.56 197.57
1 909.1 195.11 926.1 209.11
1 969.55 84.06 980.55 93.06
1 961.92 -0.45 975.92 12.55
1 943.05 80.2 959.05 98.2
1 416.5 573.69 427.5 588.69
1 470.03 305.62 478.03 315.62
1 658.93 251.18 670.93 262.18
1 760.39 370.6 777.39 384.6
1 743.39 385.12 755.39 394.12
1 743.5 402.3 750.5 411.3
1 831.43 484.6 846.43 497.6
1 771.1 486.11 788.1 500.11
1 762.55 569.28 774.55 583.28
1 988.5 429.63 1002.5 443.63
1 979.5 388.75 997.5 406.75
1 734.5 655.61 750.5 671.61
1 983.5 454.18 996.5 467.18
1 926.5 417.36 935.5 426.36
1 886.48 412.57 899.48 425.57
1 832.49 407.57 846.49 421.57
1 557.04 68.24 572.04 83.24
1 939.5 41.5 950.5 52.5
1 287.46 730.19 306.46 749.19
1 499.5 438.16 511.5 450.16
1 636.5 212.12 651.5 227.12
1 979.49 498.19 993.49 512.18
1 623.46 371.73 635.46 387.73
1 333.12 636.65 353.12 650.65
1 896.43 128.05 913.43 140.05
1 856.57 666.55 870.57 677.55
1 903.95 672.16 924.95 688.16
