0 256.84 91.69 281.84 131.69
0 282.12 223.91 348.12 286.91
0 467.17 42.34 546.17 147.34
0 458.39 142.29 536.39 243.29
0 282.5 804.57 401.5 883.57
0 896.36 834.46 950.36 868.46
0 889.13 452.06 996.13 577.06
0 175.47 571.29 220.47 598.29
0 223.12 423.49 258.12 483.49
0 665.24 859.23 728.24 922.23
0 443.31 591.26 491.31 618.26
0 241.46 141.0 258.46 170.0
0 236.59 962.21 260.59 986.21
0 181.5 840.38 202.5 861.38
0 136.58 997.26 172.58 1021.26
2 131.22 57.45 158.22 84.45
2 209.49 292.35 298.49 382.35
2 584.49 168.3 615.49 273.3
2 672.41 561.38 698.41 615.38
2 190.1 906.39 219.1 935.39
1 58.24 742.39 83.24 767.39
1 434.5 671.37 465.5 702.37
1 382.48 457.51 401.48 477.51
1 511.35 338.31 527.35 355.31
1 11.04 484.97 33.04 513.97
1 444.05 958.34 468.05 979.34
1 46.06 100.51 66.06 122.51
