0 13.33 35.19 32.33 57.19
0 40.13 269.5 57.13 289.5
0 198.92 130.53 224.92 152.53
0 249.61 12.04 299.61 48.04
0 367.35 16.23 415.35 45.23
0 324.22 174.37 385.22 239.37
0 200.54 207.3 259.54 262.3
0 246.26 299.03 296.26 333.03
0 260.45 342.96 290.45 371.96
0 131.25 309.51 150.25 340.51
0 125.87 448.3 220.87 526.3
0 121.34 515.49 225.34 612.49
0 416.23 450.45 442.23 479.45
0 376.26 470.65 445.26 537.65
0 503.61 335.51 601.61 416.51
0 166.15 643.39 187.15 666.39
0 208.38 703.77 242.38 737.77
0 36.93 912.55 62.93 930.55
0 282.5 700.93 317.5 721.93
0 520.91 481.2 542.91 503.2
0 550.74 522.28 571.74 550.28
0 473.61 702.57 510.61 748.57
0 545.46 598.22 637.46 659.22
0 525.12 569.94 555.12 588.94
0 764.04 280.76 788.04 315.76
0 714.22 360.11 732.22 391.11
0 744.3 660.61 818.3 707.61
0 934.23 661.27 999.23 712.27
0 881.42 279.21 906.42 301.21
0 937.04 432.02 968.04 455.02
0 583.19 45.16 622.19 75.16
0 537.16 11.21 580.16 42.21
0 621.39 941.16 677.39 984.16
0 536.4 810.6 562.4 832.6
0 974.46 816.09 1004.46 843.09
2 122.41 960.55 180.41 1018.55
2 234.08 618.58 295.08 680.58
2 503.87 200.02 538.87 235.02
2 933.59 865.67 979.59 911.67
2 160.0 992.57 200.0 1007.57
2 504.12 31.25 541.12 46.25
1 424.37 510.17 454.37 534.17
1 480.12 580.62 505.12 599.62
1 643.23 679.8 659.23 701.8
1 681.19 382.76 708.19 417.76
1 937.38 144.38 969.38 177.38
1 816.52 633.46 839.52 656.46
1 893.87 537.58 920.87 569.58
1 848.85 754.18 873.85 778.18
1 96.94 70.53 114.94 88.53
1 676.59 778.21 700.59 802.21
1 735.05 498.72 765.05 525.72
1 959.5 741.08 984.5 766.08
