0 258.02 169.13 342.02 259.13
0 386.55 163.57 446.55 214.57
0 412.93 289.13 480.93 351.13
0 224.38 488.18 328.38 605.18
0 276.04 636.34 418.04 730.34
0 49.01 508.36 127.01 570.36
0 33.3 599.41 96.3 677.41
0 430.68 908.65 524.68 1026.65
0 527.86 855.29 670.86 1027.29
0 755.37 117.33 865.37 221.33
0 591.77 249.21 705.77 440.21
0 572.0 498.62 654.0 575.62
0 208.98 853.61 292.98 950.61
0 204.51 699.37 270.51 747.37
0 699.32 397.63 763.32 484.63
0 903.98 344.39 947.98 388.39
2 833.9 882.31 968.9 910.31
2 846.04 474.42 901.04 510.42
2 539.32 185.32 664.32 217.32
2 874.79 255.56 1027.79 288.56
2 801.85 29.71 830.85 58.71
2 67.99 834.29 131.99 897.29
2 71.44 296.44 119.44 344.44
2 94.0 340.47 134.0 380.47
2 -2.56 342.59 35.44 405.59
1 35.1 312.2 52.1 334.2
1 197.87 393.24 216.87 423.24
1 153.68 600.16 191.68 634.16
1 128.39 736.47 166.39 768.47
1 470.5 611.68 499.5 658.68
1 674.25 714.21 693.25 738.21
1 745.48 848.42 772.48 877.42
1 650.22 618.57 675.22 634.57
1 758.47 734.37 778.47 759.37
1 820.86 558.5 848.86 578.5
1 868.49 694.74 889.49 727.74
1 740.49 942.62 765.49 976.62
1 788.7 1000.73 819.7 1025.73
1 989.41 599.57 1011.41 629.57
1 862.01 435.27 898.01 456.27
1 797.59 378.47 822.59 396.47
1 781.35 324.65 817.35 355.65
1 945.99 123.37 975.99 152.37
1 918.15 200.53 947.15 220.53
1 551.56 60.27 574.56 75.27
1 468.0 412.29 485.0 441.29
1 332.34 780.1 346.34 797.1
1 384.36 816.63 396.36 835.63
1 152.44 380.21 174.44 398.21
1 65.05 29.5 86.05 57.5
1 873.46 836.13 904.46 856.13
1 795.35 639.44 818.35 659.44
1 915.34 590.63 943.34 607.63
