0 -1.97 573.24 51.03 626.24
0 -4.86 80.67 61.14 184.67
0 116.34 543.12 178.34 601.12
0 288.95 704.07 386.95 780.07
0 169.99 831.48 241.99 907.48
0 631.49 231.41 740.49 343.41
0 880.08 164.43 948.08 222.43
0 38.78 374.68 91.78 414.68
0 -2.5 246.06 30.5 299.06
0 441.65 48.26 503.65 89.26
0 230.17 342.25 275.17 379.25
0 904.02 364.89 944.02 397.89
0 36.46 661.21 87.46 696.21
0 721.55 82.54 766.55 124.54
0 120.36 26.51 162.36 64.51
2 448.32 313.33 758.32 565.33
2 983.53 440.94 1020.53 477.94
2 954.52 654.61 993.52 693.61
2 372.16 408.17 409.16 444.17
2 335.18 376.02 370.18 411.02
2 159.51 373.85 204.51 416.85
1 732.18 795.59 757.18 823.59
1 848.22 830.23 869.22 850.23
1 686.26 907.67 707.26 928.67
1 607.38 1000.16 627.38 1020.16
1 502.11 728.38 527.11 753.38
1 467.9 750.65 494.9 776.65
1 554.4 653.5 580.4 681.5
1 668.52 646.54 691.52 668.54
1 723.02 514.57 757.02 546.57
1 947.18 519.24 970.18 541.24
1 897.36 248.8 925.36 275.8
1 958.49 81.44 981.49 104.44
1 774.22 140.72 791.22 163.72
1 298.47 394.24 336.47 415.24
1 297.63 572.1 332.63 596.1
1 306.55 847.34 333.55 870.34
1 336.99 886.33 366.99 911.33
1 316.3 931.22 346.3 957.22
1 271.19 948.44 290.19 966.44
1 253.17 241.7 280.17 266.7
1 244.1 121.5 269.1 145.5
1 142.07 331.51 174.07 359.51
1 2.15 736.01 27.15 759.01
1 527.13 867.32 546.13 886.32
1 285.45 193.46 310.45 217.46
1 342.83 147.39 359.83 162.39
1 283.34 118.41 303.34 132.41
1 431.03 699.54 445.03 719.54
1 553.59 490.13 570.59 506.13
1 523.37 461.63 547.37 478.63
1 279.36 346.52 311.36 368.52
