0 110.14 37.34 135.14 56.34
0 157.95 66.0 185.95 97.0
0 242.29 256.14 288.29 296.14
0 228.08 290.43 308.08 372.43
0 481.96 398.14 549.96 450.14
0 453.27 185.54 484.27 225.54
0 400.42 577.83 494.42 656.83
0 251.57 644.61 308.57 691.61
0 195.15 620.46 246.15 662.46
0 247.12 814.49 290.12 860.49
0 408.93 852.39 465.93 898.39
0 510.0 687.37 694.0 851.37
0 824.2 507.41 897.2 575.41
0 805.32 600.51 873.32 678.51
0 799.08 721.55 850.08 769.55
0 904.11 739.27 941.11 766.27
0 932.75 606.18 961.75 634.18
0 687.27 401.56 719.27 441.56
0 838.25 24.58 951.25 179.58
0 817.81 121.6 912.81 210.6
0 710.45 46.28 816.45 123.28
0 346.16 268.55 499.16 423.55
0 450.14 678.26 495.14 715.26
0 68.41 726.21 106.41 775.21
0 414.08 424.32 447.08 461.32
0 460.14 982.27 489.14 1003.27
2 246.33 531.18 316.33 601.18
2 741.84 328.58 824.84 411.58
2 847.34 293.29 899.34 345.29
2 871.26 343.38 906.26 378.38
2 838.19 823.33 915.19 899.33
2 737.09 901.34 768.09 932.34
2 133.22 450.25 188.22 471.25
2 322.19 310.39 416.19 332.39
2 657.08 513.39 767.08 541.39
2 823.82 500.22 898.82 517.22
2 976.34 392.4 994.34 425.4
2 681.18 706.67 704.18 784.67
1 76.06 311.18 105.06 333.18
1 245.16 423.37 272.16 450.37
1 808.03 307.62 836.03 335.62
1 529.29 722.62 545.29 737.62
1 288.63 911.56 308.63 931.56
1 60.54 975.32 83.54 998.32
1 28.12 900.54 49.12 922.54
1 144.39 519.21 158.39 533.21
1 841.56 34.62 862.56 56.62
1 740.48 40.33 771.48 65.33
1 587.65 21.19 613.65 39.19
1 741.14 863.56 764.14 883.56
