0 319.02 555.15 375.02 633.15
0 345.93 713.64 394.93 780.64
0 1079.28 -2.1 1181.28 61.9
0 1051.48 447.55 1168.48 545.55
0 1203.54 1443.55 1322.54 1535.55
0 1293.99 1929.11 1384.99 2010.11
0 1289.5 1770.54 1377.5 1883.54
0 1366.99 1330.55 1470.99 1405.55
0 1336.5 1192.63 1411.5 1294.63
0 1238.5 1241.05 1332.5 1309.05
0 1372.5 830.03 1558.5 964.03
0 1455.01 598.04 1650.01 734.04
0 1304.98 318.06 1436.98 441.06
0 1425.49 318.57 1553.49 446.57
0 1661.52 261.06 1809.52 474.06
0 1504.99 114.63 1584.99 200.63
0 1656.0 963.15 1740.0 1083.15
0 1685.54 1350.04 1797.54 1428.04
0 1468.01 1822.04 1571.01 1913.04
0 1675.97 1875.07 1782.97 2010.07
0 1148.52 669.05 1248.52 741.05
0 1266.52 959.13 1331.52 1048.13
0 1111.99 1270.55 1236.99 1360.55
0 1090.47 1192.18 1168.47 1277.18
2 592.5 327.55 673.5 408.55
2 1031.53 1961.15 1104.53 2014.15
2 137.51 193.54 243.51 295.54
2 102.51 107.09 148.51 158.09
2 8.98 1117.55 98.98 1198.55
2 375.49 804.08 476.49 897.08
2 391.5 1012.61 451.5 1066.61
2 443.51 1505.14 507.51 1564.14
2 484.99 1712.12 561.99 1783.12
2 709.46 585.06 808.46 672.06
2 1004.55 105.67 1077.55 176.67
2 1096.99 284.68 1164.99 351.68
2 1057.5 1518.08 1162.5 1614.08
2 1037.04 526.67 1108.04 598.67
2 1263.27 -1.97 1356.27 79.03
2 1436.48 1084.58 1575.48 1232.58
2 1963.97 1797.66 2031.97 1860.66
2 749.08 52.17 799.08 102.17
2 844.01 193.29 887.01 255.29
2 1142.11 188.54 1222.11 250.54
2 1286.1 369.09 1357.1 430.09
2 576.54 949.18 641.54 1032.18
2 779.55 1318.26 843.55 1413.26
2 1009.03 1195.12 1058.03 1245.12
2 1698.22 1153.1 1774.22 1216.1
2 1349.05 1634.04 1453.05 1712.04
2 1607.12 1725.5 1735.12 1806.5
1 1209.95 1989.94 1270.95 2048.94
1 928.47 1705.17 994.47 1773.17
1 933.44 1798.6 985.44 1851.6
1 929.47 1546.68 993.47 1610.68
1 858.02 1469.1 918.02 1529.1
1 903.48 1395.56 958.48 1451.56
1 976.46 1384.56 1025.46 1435.56
1 1099.99 1371.12 1153.99 1424.12
1 1099.99 1371.12 1153.99 1424.12
1 679.5 1448.69 750.5 1516.69
1 806.02 1850.17 876.02 1919.17
1 726.03 1819.6 804.03 1893.6
1 834.01 1928.66 900.01 1993.66
1 925.02 1250.64 962.02 1285.64
1 869.52 1170.07 921.52 1219.07
1 1201.99 973.15 1260.99 1035.15
1 1225.01 801.58 1319.01 894.58
1 1150.48 921.09 1207.48 973.09
1 1055.99 952.19 1091.99 987.19
1 928.48 955.59 988.48 1010.59
1 1013.53 785.57 1068.53 835.57
1 1068.01 379.56 1122.01 428.56
1 1021.5 185.15 1087.5 245.15
1 903.0 71.11 963.0 125.11
1 901.5 334.53 988.5 413.53
1 922.46 438.64 985.46 495.64
1 972.47 500.11 1031.47 554.11
1 940.95 583.2 975.95 615.2
1 860.02 655.66 931.02 722.66
1 853.0 755.58 935.0 832.58
1 759.5 1037.56 806.5 1081.56
1 719.51 858.66 789.51 921.66
1 653.01 810.61 712.01 864.61
1 615.52 1219.62 695.52 1298.62
1 582.0 1425.62 639.0 1479.62
1 583.48 1590.13 640.48 1645.13
1 613.95 1738.19 678.95 1803.19
1 644.52 1899.08 699.52 1954.08
1 547.99 1914.61 606.99 1968.61
1 546.47 1783.16 605.47 1842.16
1 484.03 1591.12 542.03 1644.12
1 405.99 1930.18 472.99 1992.18
1 362.54 1801.17 435.54 1872.17
1 309.04 1811.62 369.04 1867.62
1 430.98 1405.6 480.98 1451.6
1 438.0 1353.09 489.0 1399.09
1 383.5 1197.63 450.5 1257.63
1 480.0 587.69 543.0 652.69
1 648.02 578.61 690.02 619.61
1 744.99 315.09 823.99 388.09
1 770.48 204.64 813.48 243.64
1 679.5 227.66 748.5 292.66
1 570.47 408.1 653.47 493.1
1 677.97 403.68 713.97 440.68
1 656.01 278.71 685.01 304.71
1 651.98 130.62 691.98 167.62
1 487.99 9.61 546.99 63.61
1 421.98 183.13 495.98 253.13
1 406.02 104.64 443.02 139.64
1 359.48 227.17 396.48 263.17
1 321.95 6.61 379.95 63.61
1 224.47 146.1 270.47 191.1
1 114.02 35.06 159.02 80.06
1 43.52 402.71 76.52 435.71
1 87.97 466.12 145.97 519.12
1 99.03 395.19 132.03 428.19
1 168.55 470.55 257.55 559.55
1 384.97 450.18 454.97 517.18
1 386.04 379.17 454.04 441.17
1 470.99 337.19 542.99 402.19
1 200.47 685.63 258.47 740.63
1 117.0 722.69 180.0 787.69
1 226.04 769.59 269.04 812.59
1 251.51 936.7 321.51 999.7
1 114.45 935.59 167.45 988.59
1 -1.79 857.74 41.21 910.74
1 -0.03 903.66 62.97 966.66
1 147.97 1054.64 214.97 1121.64
1 62.95 1174.64 122.95 1238.64
1 24.03 1308.16 96.03 1387.16
1 184.02 1278.61 263.02 1359.61
1 274.0 1385.16 347.0 1460.16
1 120.98 1388.64 157.98 1423.64
1 414.03 1504.65 474.03 1571.65
1 437.01 1275.1 481.01 1315.1
1 696.51 692.62 767.51 766.62
1 268.5 1638.09 349.5 1717.09
1 180.47 1719.14 242.47 1780.14
1 123.96 1593.15 190.96 1663.15
1 121.49 1479.68 190.49 1548.68
1 13.01 1560.14 50.01 1597.14
1 225.51 1928.18 290.51 1994.18
1 177.01 1953.65 237.01 2019.65
1 110.23 2027.81 147.23 2049.81
