0 258.3 418.04 336.3 465.04
0 268.17 753.2 367.17 952.2
0 107.0 791.81 138.0 813.81
0 48.52 806.08 179.52 922.08
0 335.35 466.3 423.35 531.3
0 97.32 263.61 169.32 336.61
0 194.17 18.33 243.17 48.33
0 484.96 400.42 550.96 438.42
0 710.29 759.26 759.29 786.26
0 530.09 704.51 566.09 726.51
0 446.26 909.57 511.26 969.57
0 898.49 19.25 921.49 41.25
0 799.29 79.36 819.29 99.36
0 794.24 193.42 823.24 220.42
0 967.04 562.52 994.04 588.52
0 775.36 293.39 795.36 312.39
0 793.61 307.81 818.61 329.81
2 729.47 497.72 777.47 547.72
2 67.13 212.09 125.13 268.09
2 923.71 405.79 989.71 482.79
2 763.52 580.21 900.52 717.21
2 672.99 431.08 714.99 473.08
2 603.47 777.64 640.47 814.64
2 930.13 763.71 963.13 796.71
1 244.74 228.46 265.74 249.46
1 301.98 81.59 325.98 105.59
1 344.5 684.0 363.5 703.0
1 716.64 624.79 736.64 644.79
1 958.26 308.46 979.26 329.46
1 840.88 146.98 857.88 163.98
