0 108.5 66.35 155.5 135.35
0 216.29 104.43 270.29 142.43
0 248.51 72.44 271.51 101.44
0 6.41 338.25 112.41 439.25
0 152.15 421.7 205.15 479.7
0 282.21 451.22 347.21 502.22
0 236.24 295.01 257.24 316.01
0 224.42 412.58 243.42 431.58
0 198.12 582.2 247.12 607.2
0 127.87 253.42 154.87 288.42
0 432.19 143.55 465.19 171.55
0 465.12 255.6 496.12 287.6
0 531.0 259.64 565.0 304.64
0 733.35 184.67 769.35 215.67
0 792.33 54.1 858.33 162.1
0 973.12 45.18 1004.12 99.18
0 772.57 466.37 816.57 535.37
0 523.17 447.47 539.17 467.47
0 398.21 60.47 436.21 98.47
0 205.24 726.69 261.24 778.69
0 220.18 881.69 285.18 970.69
0 74.52 699.58 165.52 768.58
0 30.2 659.29 64.2 690.29
0 21.21 461.36 64.21 505.36
0 330.2 492.73 351.2 519.73
0 368.88 574.46 394.88 596.46
0 411.63 627.16 432.63 641.16
0 414.51 704.24 434.51 725.24
0 272.48 770.61 295.48 804.61
0 973.37 847.03 1005.37 872.03
0 632.28 267.4 653.28 294.4
0 587.26 781.4 623.26 805.4
0 191.49 800.49 216.49 818.49
0 53.47 761.65 78.47 793.65
2 508.23 936.89 578.23 1018.89
2 540.46 286.55 575.46 331.55
2 347.58 646.95 412.58 711.95
1 386.4 301.69 416.4 330.69
1 725.25 740.45 748.25 762.45
1 25.83 520.61 40.83 535.61
1 747.34 349.39 771.34 372.39
1 679.2 170.47 702.2 192.47
1 868.35 789.69 890.35 810.69
1 840.09 748.25 861.09 769.25
1 810.2 784.4 824.2 798.4
1 793.2 943.16 812.2 961.16
1 194.5 341.31 213.5 360.31
1 686.63 209.47 706.63 232.47
