0 365.49 461.54 510.49 550.54
0 264.93 231.1 324.93 299.1
0 232.42 155.15 281.42 225.15
0 530.0 523.6 626.0 592.6
0 475.0 535.62 511.0 572.62
0 780.52 852.62 859.52 967.62
0 883.51 775.61 918.51 832.61
0 496.03 725.7 536.03 788.7
0 592.55 717.61 632.55 749.61
2 624.99 681.13 680.99 739.13
2 212.46 381.59 259.46 430.59
1 381.04 73.69 405.04 98.69
1 187.01 65.67 221.01 100.67
1 112.49 195.21 133.49 215.21
1 203.01 228.71 229.01 255.71
1 196.0 193.7 220.0 218.7
1 469.02 392.13 505.02 426.13
1 378.99 363.68 396.99 382.68
1 407.49 326.24 434.49 352.24
1 469.45 315.67 506.45 350.67
1 370.95 443.15 388.95 461.15
1 467.5 638.7 496.5 665.7
1 602.47 373.23 633.47 403.23
1 518.54 417.63 553.54 454.63
1 644.03 347.12 684.03 385.12
1 732.0 351.69 762.0 382.69
1 838.5 705.07 887.5 755.07
1 783.5 791.19 802.5 809.19
1 710.04 848.22 738.04 876.22
1 367.45 891.73 398.45 922.73
1 868.51 293.15 907.51 333.15
1 929.48 271.69 962.48 302.69
1 916.0 391.69 946.0 422.69
1 959.03 746.72 985.03 772.72
1 551.49 794.17 570.49 812.17
1 374.56 0.58 415.56 39.58
1 333.67 223.59 362.67 238.59
1 864.98 140.2 872.98 160.2
1 162.85 620.63 183.85 638.63
1 164.58 589.21 185.58 611.21
1 121.35 387.63 145.35 405.63
1 354.01 181.62 365.01 195.62
