0 14.33 172.06 60.33 200.06
0 82.0 86.53 150.0 128.53
0 170.0 354.61 246.0 465.61
0 141.14 300.63 176.14 331.63
0 302.34 16.38 408.34 90.38
0 572.17 486.34 685.17 572.34
0 618.26 329.48 876.26 506.48
0 545.09 58.21 739.09 219.21
0 705.02 552.54 751.02 630.54
0 348.21 432.46 389.21 470.46
0 81.35 771.12 121.35 801.12
0 265.18 482.37 300.18 512.37
0 457.36 308.48 545.36 382.48
2 7.29 846.31 78.29 900.31
2 355.4 200.12 443.4 288.12
1 433.01 707.18 471.01 745.18
1 449.33 939.56 469.33 959.56
1 594.19 698.35 615.19 719.35
1 580.87 254.37 605.87 279.37
1 418.25 323.07 443.25 348.07
1 184.11 770.55 205.11 792.55
1 240.43 184.32 258.43 201.32
1 485.3 698.17 505.3 718.17
1 552.35 876.58 570.35 894.58
1 398.88 491.69 415.88 508.69
1 171.16 496.1 194.16 519.1
1 177.43 563.54 193.43 579.54
