0 436.63 252.5 479.63 283.5
0 512.39 657.38 554.39 701.38
0 684.51 670.49 722.51 713.49
0 852.54 805.0 886.54 871.0
0 860.71 967.7 943.71 1021.7
0 459.25 948.13 502.25 1017.13
0 13.34 553.16 45.34 604.16
0 256.78 890.68 316.78 930.68
0 425.56 821.23 462.56 880.23
0 713.9 834.52 740.9 877.52
0 884.36 27.23 906.36 59.23
2 639.75 163.63 697.75 221.63
2 758.48 104.12 804.48 149.12
2 737.73 246.38 779.73 288.38
2 843.38 403.98 891.38 451.98
2 873.53 323.5 926.53 376.5
2 790.16 538.45 839.16 588.45
2 826.65 475.39 889.65 539.39
2 730.26 693.35 807.26 769.35
2 943.46 804.02 1007.46 868.02
2 746.32 969.64 803.32 1024.64
2 614.53 945.54 700.53 1025.54
2 361.06 931.0 443.06 1013.0
2 213.25 969.09 256.25 1012.09
2 65.16 944.98 103.16 982.98
2 134.24 861.39 187.24 913.39
2 77.18 709.0 115.18 747.0
2 37.53 697.2 77.53 736.2
2 70.2 476.67 106.2 512.67
2 130.42 375.24 172.42 418.24
2 95.55 145.26 144.55 193.26
2 -1.24 142.5 27.76 181.5
2 134.59 96.49 185.59 147.49
2 256.12 72.0 300.12 116.0
2 266.02 153.17 314.02 200.17
2 234.56 289.06 268.56 323.06
2 614.23 849.0 655.23 891.0
2 565.45 931.5 617.45 984.5
2 494.42 844.2 544.42 893.2
2 367.53 740.0 403.53 776.0
2 301.51 686.22 329.51 715.22
2 244.49 633.08 282.49 671.08
2 249.23 605.0 275.23 631.0
2 71.43 329.14 111.43 368.14
2 186.54 82.08 224.54 119.08
2 499.14 31.65 541.14 73.65
2 676.61 613.2 723.61 660.2
2 900.27 699.5 945.27 744.5
2 968.38 759.48 1022.38 812.48
2 40.61 865.86 83.61 908.86
2 70.42 852.0 103.42 884.0
2 600.58 569.18 639.58 608.18
2 942.17 561.26 982.17 601.26
2 956.08 594.5 991.08 629.5
2 107.31 837.11 150.31 880.11
2 347.08 630.39 393.08 676.39
2 462.22 568.09 499.22 605.09
2 426.65 554.5 461.65 589.5
2 357.39 662.04 397.39 725.04
2 593.23 794.23 638.23 819.23
2 550.31 772.97 582.31 794.97
2 770.41 322.27 822.41 351.27
2 300.38 358.48 325.38 388.48
2 89.54 228.25 122.54 273.25
1 348.45 140.0 369.45 160.0
1 24.67 78.5 55.67 109.5
1 148.41 55.23 170.41 78.23
1 276.31 25.0 297.31 47.0
1 293.71 0.85 322.71 29.85
1 477.37 107.86 496.37 126.86
1 549.3 130.5 568.3 149.5
1 457.43 155.82 484.43 182.82
1 877.7 65.22 898.7 85.22
1 915.82 82.43 933.82 100.43
1 564.5 449.24 593.5 477.24
1 663.58 523.06 683.58 542.06
1 628.58 503.14 650.58 526.14
1 751.24 498.35 777.24 524.35
1 761.25 572.04 791.25 601.04
1 806.5 477.0 820.5 491.0
1 777.52 462.23 797.52 483.23
1 758.32 440.07 775.32 457.07
1 606.31 429.01 635.31 459.01
1 837.36 307.1 860.36 330.1
1 873.15 529.0 895.15 551.0
1 911.31 154.52 930.31 173.52
1 962.46 119.51 979.46 136.51
1 816.18 149.0 829.18 163.0
1 834.17 189.22 854.17 209.22
1 756.56 224.14 782.56 249.14
1 570.69 122.5 589.69 141.5
1 591.32 263.37 610.32 283.37
1 597.56 242.5 613.56 257.5
1 472.44 480.5 494.44 503.5
1 488.62 514.5 503.62 529.5
1 434.7 489.14 453.7 508.14
1 380.25 544.09 401.25 565.09
1 320.63 586.5 355.63 621.5
1 179.52 463.48 203.52 488.48
1 86.48 395.23 108.48 418.23
1 0.43 395.49 25.43 420.49
1 34.68 553.17 61.68 580.17
1 297.23 426.98 327.23 456.98
1 206.67 498.46 236.67 528.46
1 12.5 801.24 41.5 829.24
1 288.44 729.34 313.44 753.34
1 245.43 791.83 272.43 818.83
1 162.47 850.18 191.47 879.18
1 583.63 736.16 616.63 769.16
1 856.41 658.19 881.41 683.19
1 866.42 742.22 895.42 771.22
1 893.92 836.98 923.92 866.98
1 754.98 942.12 771.98 959.12
1 516.18 761.38 536.18 781.38
1 987.5 555.56 1003.5 572.56
1 976.5 641.24 1005.5 669.24
1 956.4 323.27 986.4 354.27
1 887.51 266.2 907.51 287.2
1 780.32 157.5 809.32 186.5
1 704.7 99.27 735.7 131.27
1 19.07 614.83 44.07 639.83
1 250.73 838.5 273.73 861.5
1 383.53 922.0 407.53 946.0
1 386.43 354.18 411.43 379.18
1 576.29 324.18 613.29 361.18
1 346.34 350.36 371.34 376.36
1 186.56 338.89 216.56 368.89
1 228.48 542.23 246.48 560.23
1 60.25 772.04 89.25 801.04
1 176.25 634.41 197.25 656.41
1 285.51 548.56 313.51 576.56
1 18.7 177.0 48.7 207.0
1 760.52 43.7 790.52 73.7
1 797.3 654.5 816.3 673.5
1 585.22 622.4 607.22 644.4
