0 481.77 412.72 535.77 452.72
0 248.96 415.47 281.96 464.47
0 467.46 566.33 519.46 604.33
0 455.58 682.19 496.58 743.19
0 546.53 837.1 592.53 896.1
0 581.26 855.72 636.26 937.72
0 378.53 900.24 416.53 937.24
0 177.58 795.79 214.58 850.79
0 123.37 769.58 183.37 843.58
0 359.74 821.26 393.74 861.26
0 106.34 674.15 135.34 715.15
0 975.61 370.49 1015.61 397.49
0 138.16 705.4 190.16 741.4
0 7.52 822.13 51.52 859.13
0 55.52 940.12 119.52 1026.12
0 459.01 808.75 516.01 861.75
0 498.24 848.26 547.24 890.26
0 857.24 954.25 916.24 1012.25
0 261.45 737.5 305.45 766.5
0 131.37 615.6 155.37 648.6
0 527.07 235.18 561.07 278.18
2 645.35 266.36 693.35 315.36
2 671.37 366.52 719.37 413.52
2 631.43 499.36 666.43 535.36
2 550.2 485.12 586.2 520.12
2 622.63 424.5 661.63 463.5
2 647.39 453.88 682.39 488.88
2 768.56 434.5 811.56 477.5
2 961.45 467.51 1021.45 528.51
2 370.31 972.21 471.31 1028.21
2 448.18 921.0 493.18 967.0
2 807.52 702.73 900.52 795.73
2 905.9 551.63 935.9 581.63
2 851.26 353.0 881.26 383.0
2 742.65 354.5 777.65 389.5
2 577.18 231.64 611.18 265.64
2 269.23 -0.14 320.23 50.86
2 69.31 816.48 140.31 887.48
2 1.08 534.36 51.08 584.36
2 134.5 288.1 176.5 329.1
2 215.69 305.04 265.69 355.04
2 285.15 400.18 323.15 437.18
2 341.28 510.57 396.28 565.57
2 46.48 225.0 84.48 263.0
2 659.73 754.37 705.73 800.37
2 561.25 741.09 604.25 784.09
2 988.22 650.28 1025.22 691.28
2 786.46 55.17 820.46 90.17
2 503.38 519.38 522.38 547.38
2 931.23 961.18 982.23 1012.18
2 151.38 343.21 182.38 374.21
2 660.2 806.09 705.2 851.09
2 407.9 341.87 446.9 380.87
2 839.63 388.77 876.63 425.77
2 946.69 103.1 976.69 126.1
2 774.54 203.63 800.54 225.63
2 689.39 158.97 716.39 180.97
1 65.69 23.5 98.69 56.5
1 54.5 75.51 88.5 108.51
1 77.79 181.68 107.79 211.68
1 204.01 126.5 231.01 153.5
1 180.56 172.14 206.56 197.14
1 246.39 161.27 279.39 193.27
1 294.39 129.33 311.39 145.33
1 356.73 82.5 379.73 105.5
1 416.49 175.47 441.49 200.47
1 427.34 97.12 458.34 128.12
1 502.57 90.41 524.57 112.41
1 514.34 132.21 547.34 165.21
1 511.52 10.2 535.52 35.2
1 569.15 9.0 591.15 31.0
1 581.33 35.99 604.33 59.99
1 631.84 94.34 653.84 116.34
1 620.67 136.5 651.67 167.5
1 681.6 205.14 705.6 228.14
1 725.54 189.13 745.54 208.13
1 730.67 57.2 753.67 80.2
1 909.91 -0.81 939.91 26.19
1 859.33 2.97 882.33 24.97
1 887.18 110.35 909.18 132.35
1 633.22 192.1 655.22 213.1
1 694.32 254.43 711.32 272.43
1 862.57 178.41 884.57 200.41
1 956.65 177.16 979.65 200.16
1 995.46 234.29 1023.46 263.29
1 865.4 279.35 888.4 303.35
1 903.19 231.13 925.19 254.13
1 811.55 306.38 828.55 324.38
1 785.53 280.0 809.53 304.0
1 584.21 348.0 608.21 372.0
1 556.59 382.14 578.59 403.14
1 509.22 374.3 539.22 404.3
1 458.32 242.43 475.32 260.43
1 322.57 300.09 344.57 321.09
1 201.6 385.2 225.6 408.2
1 189.46 325.27 217.46 353.27
1 127.89 430.43 153.89 456.43
1 70.55 393.13 88.55 411.13
1 78.67 428.04 108.67 457.04
1 180.45 488.0 201.45 508.0
1 103.24 506.35 129.24 532.35
1 79.42 530.03 119.42 570.03
1 183.38 509.12 206.38 532.12
1 380.01 418.5 407.01 445.5
1 160.17 576.0 192.17 608.0
1 299.24 632.15 325.24 657.15
1 161.36 642.0 184.36 666.0
1 295.37 687.35 314.37 707.35
1 217.43 695.83 244.43 722.83
1 -0.36 645.0 35.64 683.0
1 346.52 712.22 384.52 749.22
1 337.39 785.16 360.39 808.16
1 311.13 875.61 329.13 893.61
1 270.1 773.16 293.1 796.16
1 668.21 670.18 692.21 695.18
1 897.59 505.98 921.59 529.98
1 933.3 702.5 952.3 721.5
1 888.68 661.13 923.68 696.13
1 833.59 655.34 861.59 683.34
1 805.47 604.0 837.47 636.0
1 845.15 585.0 867.15 607.0
1 882.43 609.32 907.43 633.32
1 888.64 449.17 911.64 472.17
1 852.25 446.41 873.25 468.41
1 953.57 306.18 977.57 331.18
1 724.41 334.2 745.41 355.2
1 962.67 807.33 981.67 827.33
1 610.07 849.14 641.07 880.14
1 439.26 849.0 465.26 875.0
1 41.55 877.14 69.55 904.14
1 238.43 613.32 263.43 637.32
1 374.71 663.8 401.71 690.8
1 399.49 638.52 435.49 673.52
1 571.72 647.6 601.72 677.6
1 648.66 615.86 683.66 650.86
1 332.28 534.0 360.28 562.0
1 669.52 601.27 697.52 629.27
