0 232.94 717.16 265.94 760.16
0 241.55 558.13 278.55 615.13
0 436.4 585.62 465.4 623.62
0 357.59 829.22 398.59 889.22
0 180.56 800.5 219.56 855.5
0 113.96 834.9 176.96 879.9
0 245.13 388.0 275.13 432.0
0 756.56 234.29 791.56 287.29
0 769.08 678.41 799.08 724.41
0 956.02 971.85 1003.02 1026.85
0 912.31 171.38 965.31 207.38
0 975.08 850.11 1017.08 887.11
0 784.26 949.02 817.26 999.02
0 13.34 682.41 45.34 729.41
2 522.45 216.16 584.45 277.16
2 433.61 659.5 482.61 708.5
2 391.0 433.0 441.0 483.0
2 188.63 445.1 227.63 484.1
2 148.56 691.39 191.56 735.39
2 31.57 767.5 84.57 820.5
2 -0.91 853.01 58.09 915.01
2 605.24 955.87 680.24 1025.87
2 787.12 764.99 829.12 806.99
2 938.68 548.67 990.68 600.67
2 969.33 561.92 1017.33 609.92
2 920.29 457.25 973.29 509.25
2 694.36 423.5 739.36 468.5
2 680.24 54.46 721.24 96.46
2 774.59 91.22 817.59 134.22
2 948.34 226.17 985.34 263.17
2 854.48 635.0 908.48 689.0
2 906.53 765.54 952.53 811.54
2 516.61 588.1 550.61 621.1
2 119.31 954.21 167.31 1003.21
2 312.19 165.98 348.19 201.98
2 842.3 231.53 883.3 272.53
2 525.31 694.23 569.31 739.23
2 961.95 666.47 1004.95 709.47
2 424.3 914.26 465.3 955.26
2 606.42 585.25 639.42 617.25
2 773.23 872.68 800.23 916.68
2 791.34 880.49 827.34 930.49
2 530.98 911.29 563.98 959.29
2 304.81 710.91 336.81 732.91
2 776.92 483.08 801.92 513.08
2 979.15 386.0 1009.15 407.0
2 377.09 696.07 419.09 737.07
2 228.66 44.4 255.66 78.4
1 31.71 61.26 56.71 85.26
1 116.0 40.0 132.0 56.0
1 119.34 98.5 142.34 121.5
1 34.5 116.98 68.5 150.98
1 162.01 110.5 193.01 141.5
1 55.37 162.5 86.37 193.5
1 87.7 208.87 112.7 233.87
1 86.75 263.29 117.75 294.29
1 147.55 203.3 171.55 227.3
1 231.55 179.3 255.55 203.3
1 236.62 138.5 251.62 153.5
1 302.43 74.18 327.43 99.18
1 375.45 67.23 398.45 90.23
1 394.43 41.32 419.43 65.32
1 530.52 27.59 556.52 53.59
1 720.56 24.14 746.56 49.14
1 852.1 59.13 879.1 86.13
1 499.36 111.05 522.36 134.05
1 763.34 130.5 786.34 153.5
1 924.12 50.0 944.12 70.0
1 934.69 154.25 957.69 176.25
1 945.51 325.28 973.51 353.28
1 865.48 334.25 889.48 359.25
1 799.24 378.35 825.24 404.35
1 749.23 314.45 779.23 344.45
1 688.05 191.8 715.05 218.8
1 580.32 209.0 601.32 231.0
1 345.75 217.26 374.75 245.26
1 361.08 199.5 386.08 224.5
1 482.58 169.07 508.58 195.07
1 385.8 312.99 407.8 334.99
1 342.25 307.38 366.25 331.38
1 236.57 281.06 270.57 315.06
1 136.31 317.0 157.31 339.0
1 120.35 338.19 141.35 359.19
1 105.43 385.18 132.43 412.18
1 40.29 416.18 77.29 453.18
1 79.26 497.0 105.26 523.0
1 -0.76 513.0 34.24 551.0
1 113.65 533.5 142.65 562.5
1 143.39 545.23 174.39 576.23
1 134.1 629.16 157.1 652.16
1 186.63 653.15 205.63 672.15
1 130.67 748.04 160.67 777.04
1 121.38 806.34 137.38 823.34
1 47.6 937.36 79.6 969.36
1 37.45 912.0 53.45 928.0
1 -0.5 893.28 14.5 913.28
1 393.56 393.1 417.56 416.1
1 404.19 353.27 436.19 385.27
1 488.57 314.31 514.58 340.31
1 505.49 395.48 529.49 420.48
1 473.18 507.66 495.18 529.66
1 441.5 175.49 469.5 204.49
1 615.46 313.21 643.46 341.21
1 567.5 360.0 595.5 388.0
1 582.68 411.81 613.68 442.81
1 658.51 419.62 676.51 437.62
1 679.33 477.11 702.33 500.11
1 855.18 414.3 873.18 432.3
1 879.39 424.0 899.39 444.0
1 897.4 393.07 924.4 420.07
1 871.39 575.09 902.39 606.09
1 942.73 508.5 965.73 531.5
1 753.43 540.51 780.43 567.51
1 685.31 571.41 704.31 591.41
1 530.4 524.0 555.4 548.0
1 500.11 506.5 531.11 537.5
1 436.56 467.67 458.56 489.67
1 346.4 406.15 367.4 427.15
1 727.46 650.29 755.46 679.29
1 896.22 637.29 920.22 661.29
1 653.36 566.4 676.36 588.4
1 316.05 573.2 343.05 600.2
1 425.54 563.37 445.54 583.37
1 468.21 626.18 492.21 651.18
1 581.15 660.36 615.15 694.36
1 288.11 461.14 319.11 492.14
1 224.04 407.81 243.04 426.81
1 237.26 471.74 248.26 482.74
1 3.38 669.12 26.38 692.12
1 342.35 782.17 363.35 803.17
1 426.43 790.16 443.43 807.16
1 496.59 786.38 522.59 812.38
1 343.41 864.47 374.41 895.47
1 566.79 871.28 594.79 899.28
1 873.37 775.86 892.37 794.86
1 827.18 788.99 841.18 802.99
1 872.56 818.36 898.56 844.36
1 903.66 859.52 920.66 876.52
1 1008.19 907.38 1025.19 931.38
1 488.18 948.24 508.18 969.24
