0 484.54 4.26 514.54 42.26 111
0 423.64 642.35 494.64 694.35 111
0 36.19 777.14 79.19 831.14 111
0 227.3 975.99 300.3 1022.99 111
0 299.22 973.07 393.22 1026.07 111
0 732.62 782.2 813.62 839.2 111
0 504.71 699.03 556.71 733.03 111
0 769.49 864.37 804.49 917.37 111
0 698.22 971.38 747.22 1026.38 111
0 253.25 757.07 291.25 814.07 111
0 794.38 60.98 823.38 97.98 111
0 290.02 387.14 317.02 422.14 111
0 409.47 880.16 454.47 924.16 111
0 313.62 622.47 339.62 662.47 111
0 124.28 995.36 200.28 1026.36 111
0 687.58 211.02 715.58 246.02 111
0 489.25 874.12 528.25 914.12 111
0 59.49 880.51 121.49 928.51 111
0 567.48 227.31 618.48 277.31 111
0 554.29 586.1 590.29 631.1 111
0 671.23 895.5 725.23 936.5 111
2 183.6 132.17 231.6 163.17 100
2 482.52 352.55 520.52 406.55 100
2 158.99 323.3 207.99 372.3 100
2 281.4 207.2 333.4 259.2 100
2 431.69 74.45 457.69 100.45 100
2 643.86 60.09 675.86 92.09 100
2 716.74 68.55 747.74 99.55 100
2 631.37 127.12 663.37 159.12 100
2 608.18 205.48 649.18 247.48 100
2 923.04 88.13 974.04 138.13 100
2 903.66 261.23 949.66 307.23 100
2 82.68 612.41 113.68 643.41 100
2 -0.26 563.5 50.74 615.5 100
2 175.49 865.53 227.49 917.53 100
2 320.76 752.4 381.76 813.4 100
2 524.44 777.3 576.44 828.3 100
2 965.59 579.37 1021.59 635.37 100
2 119.6 928.57 169.6 964.57 100
2 98.33 970.44 143.33 1003.44 100
2 913.64 915.33 991.64 960.33 100
2 928.23 886.43 1002.23 928.43 100
2 961.41 742.62 1006.41 767.62 100
2 898.97 825.03 943.97 852.03 100
2 826.46 960.49 909.46 1009.49 100
2 803.32 745.63 839.32 799.63 100
2 647.32 271.47 709.32 312.47 100
2 847.5 702.35 909.5 744.35 100
2 570.05 721.53 601.05 770.53 100
2 508.22 770.51 538.22 815.51 100
2 269.55 447.44 312.55 477.44 100
2 415.58 495.15 461.58 542.15 100
2 591.44 837.25 623.44 882.25 100
2 817.37 583.46 856.37 607.46 100
2 574.8 395.23 616.8 422.23 100
2 93.35 324.99 120.35 359.99 100
2 598.14 570.42 622.14 599.42 100
2 594.55 800.25 645.55 850.25 100
2 596.69 931.64 635.69 970.64 100
2 991.95 389.14 1024.95 424.14 100
2 1.8 92.97 35.8 126.97 100
2 174.35 -1.61 219.35 35.39 100
2 451.56 766.2 490.56 806.2 100
2 815.18 490.48 862.18 537.48 100
1 170.72 18.22 201.72 49.22 BD
1 233.75 -0.78 256.75 16.22 BD
1 270.34 63.0 314.34 88.0 BD
1 337.42 76.14 358.42 96.14 BD
1 381.45 40.81 396.45 55.81 BD
1 320.38 195.78 334.38 210.78 BD
1 244.43 188.08 272.43 218.08 BD
1 169.48 187.18 188.48 206.18 BD
1 243.75 251.17 274.75 280.17 BD
1 274.19 294.37 293.19 312.37 BD
1 395.71 317.82 420.71 341.82 BD
1 420.14 266.32 437.14 283.32 BD
1 534.75 169.92 562.75 188.92 BD
1 539.46 109.13 568.46 133.13 BD
1 454.44 66.72 490.44 97.72 BD
1 557.76 7.31 596.76 32.31 BD
1 741.29 121.42 757.29 138.42 BD
1 825.56 15.0 858.56 38.0 BD
1 908.71 86.55 935.71 113.55 BD
1 925.87 239.37 955.87 261.37 BD
1 849.51 267.72 874.51 289.72 BD
1 925.48 332.2 949.48 351.2 BD
1 863.15 310.6 911.15 346.6 BD
1 724.42 312.36 746.42 331.36 BD
1 795.11 438.17 824.11 461.17 BD
1 711.37 529.42 734.37 551.42 BD
1 789.66 524.5 813.66 548.5 BD
1 940.54 621.04 967.54 648.04 BD
1 797.21 686.51 811.21 700.51 BD
1 663.42 622.37 681.42 641.37 BD
1 779.6 619.09 806.6 646.09 BD
1 708.53 575.15 742.53 609.15 BD
1 521.61 502.08 554.61 535.08 BD
1 343.66 468.02 362.66 487.02 BD
1 225.51 503.51 246.51 524.51 BD
1 164.67 544.09 194.67 570.09 BD
1 108.78 525.97 136.78 550.97 BD
1 115.3 598.03 139.3 618.03 BD
1 19.69 607.16 41.69 626.16 BD
1 68.78 829.54 95.78 851.54 BD
1 149.73 421.99 180.73 446.99 BD
1 667.73 153.5 691.73 177.5 BD
1 418.57 209.38 449.57 234.38 BD
1 390.26 199.54 423.26 237.54 BD
1 988.44 487.06 1013.44 513.06 BD
1 994.31 307.2 1014.31 327.2 BD
1 958.28 -1.99 1002.28 25.01 BD
1 171.52 679.97 190.52 698.97 BD
1 197.16 643.4 227.16 673.4 BD
1 437.68 781.14 463.68 807.14 BD
1 424.41 761.24 446.41 783.24 BD
1 699.43 644.86 718.43 663.86 BD
1 377.48 613.58 396.48 631.58 BD
1 253.7 482.11 276.7 506.11 BD
1 510.56 828.93 536.56 851.93 BD
