0 714.56 584.07 757.56 637.07
0 846.42 491.69 876.42 533.69
0 661.76 57.41 711.76 101.41
0 642.29 147.5 687.29 192.5
0 817.43 923.48 881.43 984.48
0 922.36 572.96 972.36 610.96
0 224.41 648.46 270.41 699.46
0 56.67 644.34 99.67 682.34
0 6.29 933.11 51.29 996.11
0 409.91 949.26 484.91 1005.26
0 827.12 767.4 877.12 815.4
0 390.07 793.29 434.07 853.29
0 257.39 816.97 288.39 858.97
0 492.48 548.5 521.48 578.5
2 392.36 390.23 437.36 435.23
2 375.42 467.4 427.42 519.4
2 818.34 341.36 879.34 401.36
2 786.64 147.28 845.64 207.28
2 984.11 517.31 1024.11 557.31
2 966.17 622.24 1006.17 663.24
2 338.38 523.55 388.38 572.55
2 278.28 681.53 351.28 754.53
2 485.75 785.0 551.75 851.0
2 520.48 833.0 598.48 911.0
2 582.38 835.07 664.38 917.07
2 964.46 746.29 1006.46 788.29
2 921.23 819.41 964.23 863.41
2 847.09 736.99 885.09 774.99
2 225.12 599.66 263.12 637.66
2 144.34 556.0 181.34 592.0
2 190.38 152.49 240.38 203.49
2 43.12 17.01 85.12 59.01
2 307.83 95.6 345.83 133.6
2 284.11 233.31 324.11 273.31
2 427.23 318.5 466.23 357.5
2 516.39 459.23 549.39 491.23
2 501.59 581.16 529.59 608.16
2 720.29 778.32 757.29 816.32
2 5.09 552.07 47.09 593.07
2 47.08 829.0 89.08 871.0
2 287.68 950.29 341.68 1004.29
2 165.32 934.51 244.32 1013.51
2 111.07 920.12 157.07 965.12
2 269.25 875.91 312.25 918.91
2 512.55 740.31 570.55 798.31
2 675.59 759.5 716.59 800.5
2 945.25 39.91 988.25 82.91
2 985.12 30.09 1025.12 71.09
2 904.55 99.7 934.55 129.7
2 908.54 181.04 946.54 219.04
2 914.19 264.69 950.19 300.69
2 684.19 510.23 716.19 543.23
2 161.25 831.91 204.25 874.91
2 444.0 688.0 492.0 736.0
2 418.5 685.02 452.5 719.02
2 588.98 666.25 625.98 703.25
2 439.31 550.49 474.31 585.49
2 93.78 754.66 122.78 779.66
2 139.2 775.01 185.2 809.01
2 315.5 306.38 371.5 344.38
2 755.33 546.04 802.33 578.04
2 716.63 660.67 760.63 704.67
2 595.34 23.88 626.34 54.88
2 937.45 165.26 969.45 197.26
2 687.53 420.0 723.53 456.0
1 491.34 405.12 522.34 436.12
1 502.01 310.5 533.01 341.5
1 570.3 347.02 591.3 369.02
1 816.68 243.82 847.68 274.82
1 432.79 255.36 452.79 275.36
1 618.45 295.49 643.45 320.49
1 700.41 249.31 725.41 273.31
1 727.75 263.5 752.75 288.5
1 417.39 50.52 440.39 73.52
1 461.49 67.49 481.49 88.49
1 339.37 51.34 366.37 79.34
1 305.4 31.43 332.4 59.43
1 90.17 114.28 110.17 135.28
1 110.71 109.2 137.71 136.2
1 3.55 137.27 27.55 161.27
1 18.33 90.35 43.33 116.35
1 379.52 293.3 403.52 317.3
1 433.54 305.13 453.54 324.13
1 644.73 618.32 671.73 644.32
1 594.21 614.0 618.21 638.0
1 524.49 628.96 550.49 654.96
1 531.1 545.0 549.1 563.0
1 420.47 512.3 441.47 533.3
1 345.54 461.13 365.54 480.13
1 323.51 449.3 343.51 469.3
1 298.41 425.3 323.41 449.3
1 155.38 413.12 178.38 436.12
1 109.65 433.5 138.65 462.5
1 72.78 377.99 92.78 397.99
1 207.18 508.21 225.18 525.21
1 294.55 488.5 320.55 515.5
1 133.27 249.0 155.27 271.0
1 142.32 228.07 159.32 245.07
1 133.59 206.5 161.59 233.5
1 358.16 131.4 378.16 151.4
1 379.33 170.01 402.33 194.01
1 506.98 106.12 523.98 123.12
1 555.52 48.59 575.52 68.59
1 690.18 20.0 710.18 40.0
1 580.41 66.27 602.41 88.27
1 519.89 81.11 530.89 92.11
1 370.54 209.5 388.54 226.5
1 307.18 214.29 325.18 232.29
1 405.48 644.21 428.48 666.21
1 333.49 637.32 353.49 657.32
1 351.32 635.37 370.32 655.37
1 132.58 603.14 154.58 626.14
1 325.37 143.33 352.37 171.33
1 590.4 -0.72 615.4 18.28
1 904.45 24.0 925.45 44.0
1 804.68 75.35 831.68 103.35
1 725.58 89.39 749.58 113.39
1 699.18 118.3 717.18 136.3
1 703.18 158.29 721.18 176.29
1 637.22 231.23 659.22 254.23
1 738.48 375.5 767.48 404.5
1 803.51 421.3 823.51 441.3
1 885.49 407.51 905.49 428.51
1 944.54 95.61 962.54 113.61
1 1000.58 118.15 1018.58 135.15
1 658.34 320.14 683.34 345.14
1 809.2 314.34 831.2 336.34
1 882.4 305.35 903.4 325.35
1 962.47 461.0 984.47 483.0
1 954.47 442.3 976.47 464.3
1 1003.31 330.52 1022.31 349.52
1 869.69 580.35 890.69 602.35
1 946.34 688.14 971.34 713.14
1 505.51 394.35 532.51 420.35
1 130.75 311.33 157.75 339.33
1 16.46 467.5 37.46 488.5
1 33.25 495.37 48.25 511.37
1 441.54 287.37 465.54 311.37
1 308.5 557.24 337.5 585.24
1 386.62 616.95 412.62 642.95
1 153.52 531.29 185.52 563.29
1 51.55 241.08 79.55 268.08
1 251.21 82.32 281.21 112.32
1 485.43 160.0 525.43 200.0
1 790.67 1.17 809.67 20.17
1 863.26 125.0 889.26 151.0
1 607.72 190.25 636.72 219.25
1 994.71 193.2 1021.71 220.2
1 660.53 494.31 690.53 524.31
1 221.3 437.12 240.3 456.12
1 171.41 486.54 198.41 513.54
1 132.46 726.27 161.46 755.27
1 414.43 729.32 439.43 753.32
1 706.24 982.24 734.24 1011.24
1 435.71 821.26 460.71 845.26
1 295.32 920.46 318.32 943.46
1 218.24 928.0 246.24 956.0
1 252.4 244.15 281.4 273.15
1 450.1 139.84 473.1 162.84
1 575.38 325.12 598.38 348.12
1 633.59 284.52 657.59 307.52
1 970.23 398.14 1002.23 431.14
1 853.71 535.5 878.71 560.5
1 618.38 1008.12 639.38 1025.12
1 310.5 371.21 344.5 406.21
1 63.38 291.37 90.38 319.37
1 531.52 223.48 555.52 248.48
1 871.21 -1.03 901.21 21.97
1 58.18 744.0 78.18 764.0
