0 467.19 386.0 529.19 430.0
0 881.12 618.37 923.12 684.37
0 935.1 703.39 981.1 755.39
0 853.11 736.41 903.11 807.41
0 808.29 790.25 853.29 860.25
0 677.57 928.38 761.57 994.38
0 892.4 926.03 954.4 979.03
0 667.6 775.32 740.6 863.32
0 611.12 791.48 677.12 847.48
0 666.82 851.95 723.82 899.95
0 773.11 731.42 819.11 787.42
0 706.79 645.26 782.79 700.26
0 512.15 815.02 584.15 869.02
0 463.42 851.38 547.42 915.38
0 135.14 799.41 214.14 923.41
0 617.39 613.85 677.39 652.85
0 396.14 684.0 480.14 768.0
0 389.24 837.48 452.24 918.48
0 809.76 942.11 867.76 991.11
0 181.53 698.15 257.53 751.15
0 -1.14 930.34 57.86 998.34
0 318.58 710.15 357.58 771.15
0 307.5 541.66 351.5 579.66
0 329.59 589.02 378.59 631.02
0 409.29 33.13 436.29 72.13
0 525.65 641.23 566.65 680.23
0 629.1 160.19 663.1 201.19
0 108.56 348.23 154.56 381.23
0 382.51 177.19 408.51 217.19
2 96.28 452.1 157.28 513.1
2 250.41 794.38 348.41 892.38
2 769.71 835.33 834.71 899.33
2 825.67 676.87 882.67 733.87
2 970.61 339.28 1013.61 383.28
2 920.37 286.25 965.37 331.25
2 818.21 33.4 867.21 81.4
2 528.1 120.01 580.1 172.01
2 260.26 69.99 301.26 109.99
2 216.57 210.26 254.57 248.26
2 456.53 319.69 486.53 349.69
2 540.31 493.21 581.31 533.21
2 644.18 668.08 689.18 713.08
2 -2.96 693.18 39.04 769.18
2 38.43 529.31 71.43 561.31
2 151.57 718.23 200.57 767.23
2 190.65 794.31 233.65 836.31
2 63.81 939.59 117.81 993.59
2 91.2 987.33 134.2 1025.33
2 152.08 574.19 196.08 619.19
2 777.8 544.52 823.8 614.52
2 596.72 940.13 656.72 973.13
2 399.49 731.23 447.49 758.23
2 117.39 803.04 153.39 845.04
2 501.07 551.31 550.07 579.31
2 639.74 517.02 653.74 538.02
2 644.32 531.55 665.32 568.55
2 840.44 305.44 870.44 341.44
2 562.46 244.92 584.46 277.92
2 410.49 471.54 435.49 489.54
2 188.8 332.13 219.8 353.13
2 93.33 290.46 108.33 312.46
2 85.38 86.09 120.38 107.09
2 245.11 276.41 263.11 302.41
2 906.25 228.96 950.25 257.96
2 599.56 319.48 635.56 356.48
2 941.37 423.33 976.37 459.33
2 595.51 635.38 635.51 675.38
2 124.53 633.01 162.53 671.01
2 694.54 294.38 728.54 328.38
2 685.49 422.6 709.49 452.6
1 514.32 212.07 531.32 229.07
1 532.45 218.25 554.45 240.25
1 473.15 193.0 495.15 215.0
1 366.21 211.38 386.21 231.38
1 446.38 261.0 471.38 287.0
1 409.71 327.49 434.71 352.49
1 359.28 298.34 385.28 324.34
1 286.24 287.33 310.24 311.33
1 290.21 386.0 314.21 410.0
1 304.81 401.96 328.81 425.96
1 286.67 438.46 316.67 468.46
1 262.69 464.25 285.69 486.25
1 141.66 470.34 170.66 500.34
1 164.47 451.49 193.47 480.49
1 185.37 511.86 204.37 530.86
1 32.49 484.96 58.49 510.96
1 22.41 429.3 47.41 453.3
1 -1.13 428.37 16.87 454.37
1 239.39 606.53 266.39 633.53
1 168.46 655.19 194.46 682.19
1 68.64 683.41 83.64 699.41
1 24.29 637.01 57.29 671.01
1 16.7 589.14 43.7 616.14
1 378.17 614.28 398.17 635.28
1 296.53 635.62 322.53 661.62
1 320.04 677.19 339.04 696.19
1 451.52 990.2 475.52 1015.2
1 939.63 468.36 956.63 486.36
1 870.44 510.19 895.44 535.19
1 923.65 556.8 944.65 577.8
1 922.37 520.87 947.37 545.87
1 941.51 507.44 969.51 535.44
1 923.34 371.23 942.34 390.23
1 881.61 313.2 905.61 336.2
1 987.71 225.26 1012.71 249.26
1 947.78 166.33 973.78 192.33
1 1002.54 167.63 1024.54 189.63
1 846.69 158.5 865.69 177.5
1 848.48 134.23 866.48 152.23
1 838.38 87.52 859.38 108.52
1 807.71 124.87 832.71 149.87
1 717.57 170.18 741.57 195.18
1 738.5 227.15 756.5 246.15
1 543.33 371.39 566.33 395.39
1 488.5 329.24 517.5 357.24
1 399.18 411.25 425.18 438.25
1 319.34 506.5 342.34 529.5
1 388.64 573.16 407.64 592.16
1 463.68 612.84 484.68 633.84
1 438.75 619.33 465.75 647.33
1 591.23 407.7 621.23 437.7
1 623.68 459.28 648.68 483.28
1 609.84 291.59 631.84 313.59
1 688.41 362.19 713.41 387.19
1 694.37 384.23 715.37 405.23
1 752.25 64.09 773.25 85.09
1 686.17 51.1 706.17 70.1
1 721.31 31.41 740.31 51.41
1 719.37 59.35 738.37 79.35
1 947.59 19.37 971.59 43.37
1 984.56 70.36 1010.56 96.36
1 921.72 110.17 942.72 131.17
1 503.18 95.25 529.18 122.25
1 495.68 40.84 516.68 61.84
1 428.73 138.5 455.73 165.5
1 195.78 66.42 217.78 88.42
1 222.37 24.87 247.37 49.87
1 280.48 52.27 298.48 69.27
1 352.31 21.0 373.31 43.0
1 365.46 37.22 392.46 64.22
1 368.0 150.5 387.0 169.5
1 238.69 243.2 261.69 266.2
1 168.44 224.5 190.44 247.5
1 130.34 214.36 155.34 240.36
1 94.35 161.32 115.35 181.32
1 25.76 93.24 50.76 117.24
1 -0.58 162.34 18.42 184.34
1 0.65 259.84 23.65 282.84
1 233.0 630.0 234.0 631.0
1 139.39 572.0 159.39 592.0
1 96.21 782.18 120.21 807.18
1 365.22 75.2 395.22 106.2
1 810.91 255.61 824.91 269.61
1 831.82 249.02 857.82 275.02
1 975.54 989.14 1003.54 1016.14
