0 142.35 368.51 171.35 400.51
0 264.29 408.39 301.29 450.39
0 241.57 465.07 269.57 504.07
0 239.4 832.93 287.4 870.93
0 265.43 897.2 329.43 940.2
0 399.38 379.14 434.38 402.14
0 630.38 625.01 675.38 691.01
0 728.11 798.98 780.11 872.98
0 902.66 711.9 973.66 758.9
0 883.14 818.96 949.14 876.96
0 808.38 839.12 865.38 890.12
0 189.21 541.97 248.21 581.97
0 825.17 742.19 887.17 783.19
0 735.28 697.11 774.28 752.11
0 636.38 735.58 681.38 769.58
0 870.51 917.9 904.51 957.9
0 523.08 434.24 561.08 487.24
0 159.77 666.3 205.77 704.3
0 690.57 157.36 731.57 185.36
0 934.67 541.52 969.67 578.52
2 300.5 290.96 362.5 352.96
2 407.72 432.0 477.72 504.0
2 281.28 562.39 348.28 632.39
2 252.47 710.24 302.47 763.24
2 763.35 615.65 807.35 661.65
2 962.08 645.46 1006.08 690.46
2 725.34 99.16 764.34 138.16
2 514.96 147.51 555.96 188.51
2 537.26 41.09 589.26 92.09
2 309.5 100.52 353.5 143.52
2 170.33 35.32 235.33 99.32
2 597.17 418.38 659.17 480.38
2 537.88 559.02 567.88 589.02
2 119.99 786.23 182.99 848.23
2 153.22 506.51 200.22 553.51
2 812.41 510.65 857.41 562.65
2 472.59 923.49 546.59 972.49
2 395.67 823.51 484.67 868.51
2 -1.13 803.78 94.87 852.78
2 333.49 540.27 373.49 581.27
2 613.36 530.35 637.36 562.35
2 998.34 388.31 1025.34 433.31
2 5.36 312.28 44.36 337.28
2 208.44 411.99 254.44 455.99
2 70.19 540.15 134.19 605.15
1 538.72 282.53 561.72 305.53
1 400.57 74.97 419.57 92.97
1 268.34 247.03 289.34 269.03
1 189.65 754.36 214.65 780.36
1 506.69 608.5 533.69 635.5
1 720.83 578.2 744.83 603.2
1 914.38 365.25 935.38 385.25
1 982.2 283.13 1006.2 306.13
1 774.48 216.42 799.48 242.42
1 837.54 106.47 869.54 137.47
1 590.49 74.24 611.49 95.24
1 578.55 220.27 604.55 246.27
1 144.5 99.54 166.5 120.54
1 505.62 37.37 529.62 61.37
1 679.97 399.11 698.97 418.11
1 693.42 433.37 720.42 461.37
1 723.49 377.99 751.49 405.99
1 518.67 566.42 537.67 585.42
1 572.63 539.11 591.63 558.11
1 412.54 552.23 442.54 581.23
1 72.77 337.14 99.77 364.14
1 183.42 462.23 210.42 488.23
1 114.67 586.24 142.67 615.24
1 1.27 642.3 27.27 668.3
1 310.5 258.33 335.5 284.33
1 387.28 335.42 406.28 355.42
1 407.37 315.18 426.37 334.18
1 344.44 492.54 373.44 520.54
1 611.48 939.29 647.48 974.29
1 839.71 318.01 864.71 342.01
1 810.38 192.44 844.38 227.44
1 904.6 148.21 934.6 178.21
1 934.17 212.05 970.17 248.05
1 302.7 163.18 333.7 194.18
1 356.36 195.45 389.36 228.45
1 271.81 205.52 301.81 234.52
1 172.67 210.51 203.67 241.51
1 151.58 132.01 179.58 160.01
1 45.22 140.18 67.22 161.18
1 189.59 601.12 213.59 624.12
1 475.59 273.37 499.59 297.37
1 726.04 18.22 749.04 40.22
1 638.78 78.6 665.78 106.6
1 611.21 128.33 641.21 158.33
1 796.04 27.33 819.04 51.33
1 855.42 338.39 886.42 368.39
1 760.45 339.3 794.45 375.3
1 164.65 30.44 190.65 56.44
1 676.34 40.09 709.34 73.09
1 25.46 216.0 61.46 252.0
1 128.55 289.45 154.55 314.45
