0 41.63 654.51 77.63 712.51
0 336.22 548.87 369.22 589.87
0 346.69 495.74 392.69 539.74
0 143.2 676.45 170.2 704.45
0 164.04 654.69 198.04 677.69
0 97.75 678.09 125.75 706.09
0 134.8 838.5 156.8 862.5
0 436.73 553.33 457.73 586.33
0 284.15 600.89 324.15 636.89
0 130.73 627.95 152.73 653.95
0 358.73 694.4 385.73 724.4
0 450.18 626.73 472.18 651.73
0 61.31 925.98 83.31 945.98
0 297.25 1002.88 318.25 1014.88
0 413.25 609.02 427.25 628.02
0 223.77 619.6 246.77 644.6
0 949.04 139.85 990.04 187.85
0 875.69 99.53 930.69 142.53
0 837.85 207.36 875.85 243.36
0 785.15 215.01 819.15 238.01
0 630.07 295.07 656.07 328.07
0 656.93 404.06 672.93 423.06
0 711.5 501.15 734.5 527.15
0 699.82 465.69 720.82 481.69
0 878.77 390.0 905.77 410.0
0 556.04 384.8 575.04 411.8
0 517.95 506.73 549.95 535.73
0 786.58 248.8 820.58 279.8
0 755.13 719.6 772.13 742.6
0 647.3 746.92 662.3 764.92
0 536.28 821.09 550.28 839.09
0 558.26 619.74 578.26 642.74
0 439.63 423.71 485.63 464.71
0 504.34 429.14 545.34 461.14
0 482.1 350.74 524.1 387.74
0 414.46 750.22 431.46 767.22
0 496.23 751.21 519.23 771.21
0 81.85 805.14 99.85 828.14
0 32.75 989.3 56.75 1007.3
0 744.62 333.59 766.62 356.59
0 760.63 392.2 784.63 415.2
0 808.13 491.86 822.13 508.86
0 810.06 644.07 825.06 660.07
0 546.97 844.9 558.97 859.9
0 596.17 907.06 613.17 925.06
0 227.78 932.79 243.78 945.79
0 304.06 958.96 319.06 973.96
0 108.09 893.37 121.09 911.37
0 804.96 603.81 820.96 624.81
0 761.61 571.63 781.61 586.63
2 813.64 287.06 825.64 313.06
2 965.19 243.49 989.19 254.49
2 591.06 564.04 602.06 590.04
2 517.22 566.0 526.22 589.0
2 728.81 830.0 735.81 846.0
2 636.06 805.0 643.06 822.0
2 560.15 762.04 567.15 780.04
2 1000.61 852.52 1022.61 862.52
2 881.0 1006.35 889.0 1024.35
2 819.04 817.97 826.04 834.97
2 940.07 679.53 953.07 687.53
2 883.74 504.0 894.74 525.0
2 546.21 337.89 570.21 347.89
2 554.51 303.15 579.51 315.15
2 625.12 244.22 637.12 272.22
2 778.23 193.59 814.23 203.59
2 385.46 408.54 420.46 418.54
2 458.95 508.93 468.95 539.93
2 421.7 573.17 431.7 603.17
2 96.34 648.0 131.34 659.0
2 278.99 675.1 289.99 705.1
2 306.14 719.12 315.14 748.12
2 324.26 777.51 358.26 789.51
2 375.08 738.58 395.08 746.58
2 367.83 722.05 374.83 736.05
2 303.19 907.45 315.19 932.45
2 350.13 973.87 362.13 997.87
2 243.71 980.76 260.71 989.76
2 284.6 931.59 301.6 940.59
2 203.15 887.98 214.15 909.98
2 136.09 913.97 157.09 923.97
2 103.77 996.39 124.77 1009.39
2 32.95 831.03 40.95 854.03
2 615.25 553.92 628.25 561.92
2 947.73 86.56 977.73 116.56
2 909.99 148.93 937.99 176.93
2 818.38 162.61 853.38 187.61
2 788.93 167.98 826.93 194.98
2 885.21 253.0 918.21 286.0
2 830.0 288.7 859.0 316.7
2 813.72 319.99 848.72 353.99
2 733.96 288.93 775.96 326.93
2 713.54 393.61 748.54 424.61
2 792.91 444.51 828.91 476.51
2 786.08 854.82 810.08 881.82
2 735.89 789.81 755.89 811.81
2 877.18 695.82 898.18 718.82
2 913.98 769.06 936.98 790.06
2 912.01 797.98 935.01 817.98
2 931.16 829.11 946.16 838.11
2 965.08 412.83 976.08 431.83
2 892.0 371.0 904.0 391.0
2 907.0 446.76 917.0 463.76
2 719.13 361.12 729.13 378.12
2 618.85 437.89 651.85 468.89
2 681.68 469.91 689.68 485.91
2 659.12 632.48 683.12 655.48
2 574.79 711.61 610.79 745.61
2 397.24 579.74 426.24 608.74
2 353.99 627.53 407.99 676.53
2 471.69 800.62 512.69 840.62
2 441.14 867.82 467.14 893.82
2 506.61 598.85 514.61 613.85
2 261.36 537.73 306.36 581.73
2 386.61 917.21 397.61 936.21
2 242.14 762.92 282.14 795.92
2 182.1 844.13 193.1 865.13
2 -1.53 741.72 60.47 797.72
2 409.21 781.04 431.21 807.04
1 990.21 898.04 1000.21 908.04
1 955.21 1007.1 966.21 1018.1
1 696.07 917.83 716.07 937.83
1 736.25 877.16 745.25 886.16
1 902.95 757.91 913.95 768.91
1 975.0 732.87 984.0 741.87
1 964.28 761.1 978.28 775.1
1 723.19 701.19 732.19 710.19
1 687.16 665.08 698.16 676.08
1 955.94 556.89 962.94 563.89
1 848.09 530.0 858.09 540.0
1 908.0 425.0 914.0 431.0
1 993.0 407.0 1001.0 415.0
1 951.21 306.04 961.21 316.04
1 873.0 122.5 880.0 130.5
1 918.13 218.05 929.13 229.05
1 961.63 212.65 971.63 222.65
1 1001.22 460.16 1013.22 472.16
1 997.0 589.85 1008.0 600.85
1 1007.95 545.87 1018.95 556.87
1 987.09 643.09 996.09 652.09
1 871.01 772.96 886.01 787.96
1 845.06 817.92 857.06 829.92
1 895.95 891.82 908.95 904.82
1 852.95 922.85 867.95 937.85
1 978.12 951.87 994.12 967.87
1 748.03 969.88 761.03 982.88
1 693.29 850.26 709.29 866.26
1 854.33 668.27 870.33 684.27
1 896.12 676.82 909.12 689.82
1 907.28 693.12 918.28 704.12
1 833.2 600.13 849.2 616.13
1 855.91 645.21 864.91 655.21
1 913.67 522.55 927.67 536.55
1 774.05 941.98 786.05 953.98
1 695.5 739.0 710.5 753.0
1 583.18 981.02 597.18 995.02
1 549.0 948.82 563.0 962.82
1 705.24 1009.0 719.24 1023.0
1 799.12 804.03 808.12 813.03
1 787.12 760.05 802.12 775.05
1 655.22 663.09 670.22 678.09
1 673.68 610.6 684.68 621.6
1 554.59 687.59 560.59 693.59
1 538.5 565.0 547.5 573.0
1 683.09 505.09 692.09 514.09
1 667.89 536.24 678.89 548.24
1 656.63 967.89 675.63 985.89
1 619.14 1000.03 634.14 1015.03
1 547.11 1000.5 562.11 1016.5
1 567.11 640.11 575.11 648.11
1 745.52 595.95 758.52 607.95
1 825.03 980.83 834.03 989.83
1 431.15 674.94 440.15 683.94
1 341.69 834.57 349.69 842.57
1 380.43 474.33 389.43 483.33
1 264.96 489.83 274.96 499.83
1 335.21 720.04 345.21 730.04
1 411.16 978.08 422.16 989.08
