0 174.16 425.13 207.16 492.13
0 95.97 393.2 158.97 440.2
0 133.44 37.29 169.44 93.29
0 690.65 727.02 777.65 809.02
0 671.21 865.46 738.21 966.46
0 567.27 802.3 630.27 904.3
0 986.95 600.78 1026.95 669.78
0 181.46 902.34 229.46 976.34
0 337.43 858.15 421.43 915.15
0 625.57 278.79 669.57 311.79
0 870.4 762.52 912.4 829.52
0 779.26 888.12 834.26 937.12
0 343.55 944.19 376.55 997.19
0 262.68 916.56 305.68 944.56
0 204.2 773.06 237.2 827.06
0 -1.58 922.88 55.42 972.88
0 13.05 12.98 43.05 66.98
2 691.26 369.0 757.26 435.0
2 502.26 398.3 563.26 460.3
2 530.0 107.91 585.0 162.91
2 48.62 249.09 103.62 304.09
2 156.48 573.0 210.48 627.0
2 241.34 778.5 316.34 853.5
2 419.46 879.41 523.46 983.41
2 859.15 910.33 933.15 984.33
2 786.54 794.49 909.54 917.49
2 358.24 552.34 439.24 634.34
2 310.17 746.22 366.17 803.22
2 434.95 768.75 495.95 829.75
2 113.83 287.72 160.83 334.72
2 302.35 158.17 343.35 199.17
2 369.46 262.22 401.46 295.22
2 852.48 620.98 914.48 682.98
2 817.5 643.35 869.5 695.35
2 176.44 854.34 226.44 904.34
2 90.03 663.85 129.03 702.85
2 940.41 854.32 986.41 900.32
2 955.63 522.16 1008.63 575.16
2 799.52 45.36 835.52 81.36
2 353.43 422.18 401.43 471.18
2 17.9 311.13 48.9 357.13
2 211.39 309.56 258.39 342.56
2 225.5 254.23 253.5 291.23
2 638.37 525.62 684.37 590.62
2 828.46 452.25 863.46 510.25
2 735.11 523.63 757.11 560.63
2 954.45 73.24 1007.45 104.24
2 558.48 42.17 584.48 78.17
1 488.27 296.0 520.27 328.0
1 547.55 189.08 575.55 216.08
1 466.67 150.52 493.67 177.52
1 448.74 172.5 467.74 191.5
1 975.26 249.0 1001.26 275.0
1 795.45 186.28 822.45 212.28
1 851.26 221.0 877.26 247.0
1 691.35 1.18 714.35 24.18
1 592.7 1.23 623.7 32.23
1 196.05 189.2 223.05 216.2
1 159.6 139.36 191.6 171.36
1 116.25 172.04 145.25 201.04
1 51.15 131.49 80.15 160.49
1 8.68 135.82 39.68 166.82
1 90.49 500.24 119.49 529.24
1 145.67 554.29 166.67 575.29
1 348.53 520.99 378.53 550.99
1 336.09 562.47 363.09 589.47
1 417.2 547.66 439.2 569.66
1 341.31 659.34 368.31 687.34
1 347.47 631.53 375.47 660.53
1 222.05 636.49 253.05 667.49
1 917.48 657.25 941.48 681.25
1 895.74 475.5 924.74 504.5
1 907.8 369.01 941.8 403.01
1 715.71 50.13 740.71 75.13
1 725.57 5.32 749.57 29.32
1 433.3 26.5 452.3 45.5
1 429.53 124.0 453.53 148.0
1 573.4 378.54 600.4 405.54
1 732.52 476.26 758.52 502.26
1 784.59 473.0 810.59 499.0
1 819.48 309.19 843.48 333.19
1 561.4 466.54 588.4 493.54
1 591.46 510.29 619.46 539.29
1 532.68 583.82 563.68 614.82
1 486.73 538.51 513.73 565.51
1 446.37 703.55 475.37 732.55
1 364.46 710.31 390.46 736.31
1 722.06 125.13 757.06 160.13
1 449.2 63.6 475.2 89.6
1 328.42 382.18 369.42 423.18
1 40.56 489.03 66.56 515.03
1 18.63 465.15 37.63 484.15
1 330.71 263.8 357.71 290.8
1 312.17 90.0 344.17 122.0
1 343.66 84.85 376.66 117.85
1 874.42 16.0 907.42 48.0
1 968.39 743.48 989.39 764.48
1 675.55 605.2 699.55 628.2
1 632.45 890.28 657.45 915.28
1 506.48 699.5 535.48 728.5
1 549.84 266.41 571.84 288.41
1 54.47 740.45 92.47 778.45
1 572.29 788.18 609.29 825.18
1 664.54 692.96 702.54 730.96
1 710.42 438.24 743.42 471.24
1 971.41 395.35 998.41 423.35
1 784.73 218.5 807.73 241.5
1 646.67 110.46 676.67 140.46
1 435.46 323.55 459.46 348.55
1 491.59 205.13 515.59 228.13
1 252.65 5.16 275.65 28.16
1 291.73 666.37 309.73 684.37
1 285.4 630.46 312.4 657.46
1 253.33 688.97 276.33 710.97
1 946.13 284.26 982.13 321.26
