0 921.69 832.09 1006.69 896.09 111
0 1.17 71.38 26.17 104.38 111
0 6.6 45.87 19.59 63.87 111
0 100.4 39.23 142.4 88.23 111
0 240.63 248.39 257.63 266.39 111
0 204.11 218.31 241.11 252.31 111
0 514.73 163.08 558.73 198.08 111
0 648.1 333.46 709.1 383.46 111
0 949.14 485.32 1001.14 559.32 111
0 968.07 431.17 1000.07 479.17 111
0 392.6 984.61 458.6 1027.61 111
0 241.27 656.51 299.27 688.51 111
0 456.44 412.37 481.44 458.37 111
0 300.32 529.38 320.32 556.38 111
0 462.02 568.4 486.02 605.4 111
0 214.63 877.53 234.63 903.53 111
0 176.19 698.52 208.19 722.52 111
2 485.38 76.38 505.38 96.38 100
2 688.21 61.48 724.21 98.48 100
2 133.24 259.41 152.24 278.41 100
2 50.35 599.51 71.35 620.51 100
2 333.1 873.19 397.1 936.19 100
2 709.81 795.35 737.81 823.35 100
2 967.26 932.21 992.26 957.21 100
2 662.41 879.5 684.41 901.5 100
2 853.46 420.04 895.46 462.04 100
2 687.8 499.42 720.8 532.42 100
2 494.34 433.99 553.34 491.99 100
2 62.38 868.28 100.38 906.28 100
2 301.33 980.08 368.33 1027.08 100
2 702.02 710.3 739.02 744.3 100
2 795.26 664.17 827.26 692.17 100
2 541.56 541.25 561.56 570.25 100
2 213.51 752.34 252.51 786.34 100
2 755.35 799.68 781.35 823.68 100
2 748.57 904.96 801.57 947.96 100
2 141.52 965.25 172.52 991.25 100
2 149.29 673.23 181.29 700.23 100
2 137.16 480.35 189.16 550.35 100
2 643.3 180.15 681.3 220.15 100
2 287.53 226.09 311.53 248.09 100
2 187.64 146.45 216.64 173.45 100
2 771.28 362.35 798.28 401.35 100
1 304.45 141.28 325.45 159.28 BD
1 381.06 563.29 393.06 579.29 BD
1 429.32 544.35 445.32 563.35 BD
1 390.21 630.5 403.21 647.5 BD
1 422.54 648.27 436.54 662.27 BD
1 776.32 301.58 797.32 322.58 BD
1 721.38 335.31 740.38 353.31 BD
1 700.57 253.22 718.57 270.22 BD
1 1004.91 137.49 1024.91 160.49 BD
1 954.28 138.28 974.28 158.28 BD
1 677.58 297.18 693.58 314.18 BD
1 550.5 393.0 561.5 404.0 BD
1 662.53 585.06 681.53 604.06 BD
1 631.74 596.29 647.74 612.29 BD
1 837.62 610.45 849.62 622.45 BD
1 806.13 642.13 819.13 655.13 BD
1 1003.04 428.17 1022.04 446.17 BD
1 997.52 403.35 1013.52 419.35 BD
1 950.96 729.16 966.96 746.16 BD
1 905.61 804.19 919.61 818.19 BD
1 571.28 808.16 584.28 822.16 BD
1 157.64 924.23 175.64 942.23 BD
1 199.68 841.83 219.68 861.83 BD
1 213.63 960.17 227.63 974.17 BD
1 320.5 832.14 333.5 844.14 BD
1 469.1 988.11 488.1 1008.11 BD
1 543.28 125.29 558.28 140.29 BD
1 664.45 948.32 679.45 964.32 BD
1 874.37 990.81 891.37 1006.81 BD
1 392.29 759.0 401.29 768.0 BD
1 6.38 639.31 22.38 655.31 BD
1 5.11 531.17 17.11 543.17 BD
1 84.18 567.18 91.18 574.18 BD
1 487.2 182.26 498.2 194.26 BD
1 632.49 523.42 644.49 535.42 BD
1 614.33 339.24 629.33 353.24 BD
1 663.45 910.21 675.45 921.21 BD
