0 435.54 387.0 596.54 595.0
0 239.63 286.36 288.63 340.36
0 718.27 402.37 793.27 502.37
0 49.3 812.18 124.3 891.18
0 108.38 528.25 131.38 574.25
1 810.56 217.29 858.56 265.29
1 881.16 282.16 910.16 378.16
1 694.51 874.29 822.51 901.29
1 663.19 679.47 709.19 725.47
1 893.31 624.3 935.31 666.3
1 396.07 189.4 443.07 237.4
2 49.37 282.06 76.37 325.06
2 125.66 204.29 153.66 238.29
2 290.51 237.64 306.51 253.64
2 571.71 142.02 605.71 173.02
2 736.71 287.02 774.71 316.02
2 679.66 167.57 699.66 192.57
2 594.72 236.52 619.72 262.52
2 655.65 507.03 683.65 535.03
2 911.58 511.15 953.58 558.15
2 854.72 644.52 882.72 665.52
2 1005.5 640.33 1025.5 660.33
2 743.69 552.44 764.69 575.44
2 725.63 716.98 757.63 754.98
2 878.7 781.99 901.7 809.99
2 342.06 900.0 390.06 946.0
2 897.09 916.31 927.09 945.31
2 639.71 973.22 671.71 996.22
2 617.4 905.91 636.4 934.91
2 620.55 845.2 649.55 859.2
2 539.44 769.53 580.44 814.53
2 469.64 818.3 489.64 837.3
2 449.5 702.04 471.5 723.04
2 260.55 934.2 286.55 960.2
2 100.2 953.37 138.2 1001.37
2 31.74 921.14 67.74 957.14
2 51.43 672.38 75.43 702.38
2 37.24 614.22 67.24 645.22
2 165.32 497.36 198.32 531.36
2 200.66 651.49 233.66 684.49
2 253.09 406.16 280.09 433.16
2 215.22 444.65 235.22 464.65
2 121.06 421.92 138.06 435.92
2 216.07 35.43 241.07 60.43
2 802.33 59.47 838.33 96.47
2 923.82 57.19 946.82 81.19
2 959.32 742.6 986.32 765.6
2 203.44 910.18 232.44 929.18
