0 99.1 280.0 217.1 402.0
0 344.55 153.5 451.55 258.5
0 732.6 393.52 843.6 476.52
0 895.04 540.9 953.04 630.9
0 788.65 787.98 875.65 853.98
0 592.57 915.0 653.57 987.0
0 446.16 791.95 538.16 871.95
0 342.12 937.61 463.12 1028.61
0 738.33 742.52 781.33 788.52
2 866.46 54.33 916.46 94.33
2 218.32 894.93 312.32 967.93
2 442.17 291.01 510.17 359.01
2 853.35 927.25 884.35 950.25
1 883.99 747.21 906.99 777.21
1 919.57 722.54 963.57 753.54
1 746.49 689.31 770.49 711.31
1 764.46 325.34 790.46 356.34
1 775.42 92.48 792.42 120.48
1 531.29 43.29 552.29 80.29
1 541.44 131.07 558.44 152.07
1 403.15 365.54 419.15 391.54
1 926.4 60.36 969.4 86.36
1 776.37 474.28 789.37 494.28
1 505.81 691.51 531.81 711.51
1 383.59 987.05 402.59 1006.05
1 372.23 524.13 402.23 554.13
1 656.31 549.06 698.31 590.06
1 899.28 441.5 933.28 466.5
1 964.14 539.28 975.14 553.28
1 626.22 248.07 645.22 264.07
1 638.6 259.28 655.6 281.28
1 660.99 96.84 674.99 115.84
1 647.0 92.5 663.0 105.5
