0 360.04 733.51 530.04 910.51
0 509.16 686.48 579.16 755.48
0 217.13 890.48 299.13 949.48
0 436.08 502.5 502.08 569.5
0 667.6 746.99 722.6 810.99
0 362.76 971.69 416.76 1025.69
0 672.07 112.92 736.07 172.92
0 798.29 675.86 871.29 733.86
0 789.23 518.96 837.23 552.96
0 518.41 180.44 633.41 284.44
0 752.51 796.0 933.51 990.0
2 75.09 608.53 123.09 657.53
2 770.22 135.5 801.22 166.5
2 654.61 267.5 710.61 323.5
2 171.35 956.36 299.35 1029.36
2 883.63 -0.92 919.63 31.08
1 151.51 210.04 176.51 235.04
1 29.7 211.5 53.7 236.5
1 29.7 211.5 53.7 236.5
1 46.57 347.24 74.57 374.24
1 236.47 247.51 254.47 265.51
1 394.38 121.23 423.38 150.23
1 569.73 66.99 594.73 86.99
1 18.55 830.34 54.55 868.34
1 618.69 898.15 655.69 931.15
1 516.05 951.92 543.05 977.92
1 565.53 976.97 587.53 996.97
1 908.49 750.95 941.49 778.95
1 855.56 753.98 887.56 787.98
1 866.32 668.51 911.32 705.51
1 914.37 412.29 958.37 454.29
1 758.24 443.22 788.24 472.22
1 911.46 541.45 944.46 570.45
1 523.77 468.31 552.77 492.31
1 563.2 316.01 578.2 352.01
1 47.7 44.51 62.7 61.51
1 128.3 430.06 144.3 450.06
1 34.53 579.5 69.53 614.5
1 275.5 700.17 305.5 733.17
1 150.18 884.09 171.18 903.09
1 395.3 549.36 412.3 568.36
1 576.75 471.22 598.75 495.22
1 552.65 511.1 573.65 536.1
1 762.38 263.27 802.38 298.27
1 427.41 677.1 447.41 695.1
1 654.83 619.15 685.83 634.15
1 875.26 397.06 896.26 422.06
