0 245.6 518.55 374.6 629.55
0 657.91 102.95 738.91 188.95
0 411.12 271.18 467.12 330.18
0 667.23 450.43 809.23 528.43
0 806.74 77.11 904.74 168.11
0 754.27 63.94 820.27 112.94
0 512.35 547.38 623.35 655.38
0 -2.53 672.39 54.47 734.39
0 965.45 813.23 1005.45 853.23
0 364.69 358.22 398.69 399.22
2 279.74 454.05 317.74 492.05
2 731.44 257.0 789.44 315.0
2 290.17 709.0 350.17 769.0
2 69.51 3.21 99.51 34.21
2 152.39 475.14 179.39 502.14
2 445.37 714.46 468.37 791.46
2 346.47 91.33 363.47 134.33
1 426.65 36.27 471.65 74.28
1 471.38 275.49 513.38 324.49
1 109.67 430.04 134.67 455.04
1 104.17 538.97 134.17 573.97
1 498.18 392.04 534.18 426.04
1 982.22 344.48 1008.22 376.48
1 97.72 755.48 127.72 778.48
1 160.18 1.51 186.18 36.51
1 869.66 844.03 900.66 878.03
1 713.17 -1.06 750.17 16.94
1 197.2 506.28 221.2 529.28
1 261.37 708.06 277.37 723.06
1 40.31 754.99 74.31 788.99
1 53.41 673.02 100.41 707.02
1 236.4 190.12 254.4 212.12
1 652.18 536.36 664.18 548.36
