0 578.62 260.01 677.62 328.01
0 1870.58 98.98 1973.58 192.98
0 1742.14 -1.79 1822.14 119.21
0 1911.56 318.5 2044.56 401.5
0 1298.66 1731.49 1413.66 1808.49
0 628.59 1924.03 679.59 2008.03
0 1058.69 1295.01 1145.69 1357.01
0 230.58 738.98 333.58 832.98
0 274.58 129.46 349.58 230.46
0 959.58 35.96 1036.58 123.96
0 1444.59 616.45 1519.59 683.45
0 1908.14 985.46 1980.14 1050.46
0 1487.11 1873.51 1593.11 1966.51
2 999.13 589.02 1057.13 647.02
2 1095.6 827.51 1172.6 904.51
2 1023.63 1131.5 1088.63 1196.5
2 1677.63 1363.51 1750.63 1436.51
2 1965.61 1355.5 2014.61 1404.5
2 1746.1 1622.0 1866.1 1742.0
2 1567.56 1747.51 1652.56 1832.51
2 1641.6 1827.51 1766.6 1952.51
2 750.17 1768.0 810.17 1828.0
2 769.08 1821.01 855.08 1907.01
2 371.6 1733.5 448.6 1810.5
2 381.58 887.5 478.58 984.5
2 790.09 432.02 926.09 568.02
2 1469.06 125.0 1563.06 219.0
2 1368.52 108.5 1487.52 227.5
2 1482.09 240.0 1558.09 316.0
2 1805.06 823.01 1891.06 909.01
2 1807.58 879.51 1920.58 992.51
2 543.56 903.49 668.56 1028.49
2 259.07 479.0 361.07 581.0
2 473.66 1559.01 590.66 1645.01
2 453.13 657.99 543.13 733.99
2 1147.12 1009.95 1201.12 1077.95
2 939.13 887.0 1017.13 933.0
2 791.09 1292.46 873.09 1379.46
2 297.68 1476.94 350.68 1526.94
2 1133.11 1647.45 1211.11 1716.45
2 1048.61 460.43 1119.61 531.43
1 797.58 80.01 862.58 140.01
1 1460.07 48.0 1500.07 88.0
1 1561.57 -1.73 1610.57 36.27
1 1133.64 99.5 1202.64 168.5
1 925.16 213.0 999.16 287.0
1 925.16 213.0 999.16 287.0
1 905.54 331.5 950.54 376.5
1 509.65 391.49 582.65 464.49
1 555.63 531.51 628.63 604.51
1 725.55 601.5 806.55 682.5
1 918.07 742.01 998.07 822.01
1 1185.69 531.5 1222.69 568.5
1 1287.6 447.49 1364.6 524.49
1 1392.14 336.0 1464.14 408.0
1 1521.65 491.5 1574.65 544.5
1 1704.17 385.99 1764.17 445.99
1 1783.14 495.02 1837.14 549.02
1 1752.6 604.5 1799.6 651.5
1 1619.52 647.5 1736.52 764.5
1 1476.12 902.0 1528.12 954.0
1 1494.12 744.0 1594.12 844.0
1 1377.58 1223.5 1422.58 1268.5
1 1333.19 1299.0 1403.19 1369.0
1 1315.68 1411.5 1376.68 1472.5
1 1272.6 1100.5 1319.6 1147.5
1 1409.67 1131.5 1470.67 1192.5
1 1657.14 1218.98 1723.14 1284.98
1 1776.17 1238.01 1844.17 1306.01
1 1918.09 1222.01 1974.09 1278.01
1 1851.13 1445.02 1909.13 1503.02
1 1919.19 1495.0 1989.19 1565.0
1 1907.66 1737.5 1972.66 1802.5
1 1571.52 1413.51 1620.52 1462.51
1 1563.69 1481.5 1600.69 1518.5
1 1403.57 1599.5 1488.57 1684.5
1 1183.66 1797.5 1248.66 1862.5
1 1093.65 1859.5 1146.65 1912.5
1 983.56 1795.49 1028.56 1840.49
1 948.11 1590.0 988.11 1630.0
1 951.64 1495.52 1000.64 1544.52
1 924.54 1378.5 971.54 1425.5
1 797.16 1109.0 843.16 1155.0
1 689.58 1035.5 734.58 1080.5
1 705.11 847.0 755.11 897.0
1 601.58 795.5 646.58 840.5
1 535.15 815.0 593.15 873.0
1 445.61 767.5 494.61 816.5
1 449.18 566.99 487.18 604.99
1 365.16 321.0 411.16 367.0
1 518.53 130.49 569.53 181.49
1 289.61 23.5 338.61 72.5
1 72.14 10.0 132.14 70.0
1 188.68 294.51 223.68 329.51
1 74.63 304.5 117.63 347.5
1 3.59 395.5 96.59 488.5
1 203.16 531.0 277.16 605.0
1 1.06 622.99 87.06 708.99
1 11.69 899.5 72.69 960.5
1 335.62 1071.49 388.62 1124.49
1 388.12 1090.0 440.12 1142.0
1 391.16 1199.0 429.16 1237.0
1 617.69 1123.5 650.69 1156.5
1 567.06 1283.0 613.06 1329.0
1 604.09 1412.0 660.09 1468.0
1 254.1 1320.0 290.1 1356.0
1 65.15 1273.01 107.15 1315.01
1 -1.27 1097.0 59.73 1163.0
1 169.15 1235.0 227.15 1293.0
1 132.02 1428.0 212.02 1508.0
1 54.08 1440.0 98.08 1484.0
1 241.15 1607.0 299.15 1665.0
1 434.58 1636.51 489.58 1691.51
1 550.1 1368.0 586.1 1404.0
1 1231.67 983.52 1268.67 1020.52
1 599.16 1779.0 637.16 1817.0
1 670.07 1636.0 722.07 1688.0
1 268.11 1834.0 308.11 1874.0
1 209.08 1787.01 251.08 1829.01
1 107.67 1867.49 176.67 1936.49
1 319.63 1963.5 384.63 2028.5
