0 1032.03 1284.12 1114.03 1422.12
0 483.47 1479.97 652.47 1562.97
0 727.47 1580.38 815.47 1704.38
0 867.36 1181.06 917.36 1271.06
0 902.17 1364.5 1002.17 1479.5
0 1420.08 1269.5 1519.08 1323.5
0 1501.79 1507.14 1675.79 1606.14
0 1452.59 1578.21 1630.59 1685.21
0 1299.57 1543.38 1403.57 1643.38
0 1721.17 1636.15 1931.17 1774.15
0 185.74 1195.24 310.74 1269.24
0 390.05 1069.51 461.05 1125.51
0 283.07 1364.14 418.07 1452.14
0 283.07 1364.14 418.07 1452.14
0 30.1 778.58 123.1 825.58
2 232.38 352.22 297.38 416.22
2 518.3 400.12 587.3 469.12
2 489.37 262.32 542.37 316.32
2 801.45 309.85 870.45 378.85
2 709.64 671.34 802.64 764.34
2 27.54 535.04 116.54 625.04
2 247.82 451.44 333.82 537.44
2 127.38 1082.37 197.38 1152.37
2 1052.72 1098.05 1160.72 1207.05
2 988.61 1032.36 1053.61 1098.36
2 1194.31 1221.19 1319.31 1347.19
2 1811.28 851.07 1914.28 955.07
2 1605.17 642.21 1698.17 735.21
2 875.4 670.19 949.4 744.19
2 992.26 136.11 1080.26 225.11
2 1973.32 588.97 2046.32 662.97
2 1580.48 381.46 1655.48 457.46
2 567.27 1100.79 645.27 1179.79
2 1221.18 1327.37 1393.18 1498.37
2 1648.38 811.02 1725.38 888.02
2 1237.18 1016.28 1270.18 1123.28
2 590.37 1425.49 842.37 1470.49
2 214.24 1540.06 334.24 1558.06
2 26.22 1405.33 38.22 1512.33
2 630.64 715.59 704.64 750.59
2 253.31 563.12 325.31 643.12
2 495.48 481.57 548.48 528.57
2 1276.42 536.06 1356.42 618.06
2 1254.14 608.53 1296.14 646.53
2 1600.23 972.54 1660.23 1035.54
2 280.23 790.85 329.23 843.85
2 712.55 483.35 735.55 554.35
2 662.52 906.21 678.52 970.21
2 468.57 162.53 483.57 223.53
2 107.43 187.07 220.43 217.07
2 495.2 1322.41 518.2 1417.41
2 245.18 1138.62 266.18 1221.62
2 422.64 1259.55 517.64 1293.55
2 1852.12 1413.21 1987.12 1449.21
2 1808.12 1530.0 1844.12 1675.0
2 1958.87 1551.46 2050.87 1577.46
2 1502.99 1100.24 1594.99 1125.24
2 1968.56 975.17 2042.56 996.17
2 1841.18 1249.15 1869.18 1350.15
2 1542.51 1824.44 1555.51 1870.44
2 1102.27 1744.12 1151.27 1758.12
2 1031.19 -0.11 1075.19 39.89
1 1165.28 45.36 1204.28 86.36
1 1332.18 45.26 1365.18 80.26
1 1462.31 137.11 1495.31 169.11
1 1149.83 259.94 1170.83 281.94
1 1190.34 220.35 1228.34 260.35
1 867.29 220.38 902.29 257.38
1 871.48 137.62 901.48 168.62
1 645.46 127.48 683.46 166.48
1 618.71 278.37 636.71 297.37
1 590.33 229.5 622.33 263.5
1 671.38 332.42 700.38 362.42
1 410.23 143.19 435.23 169.19
1 487.29 91.24 520.29 126.24
1 513.3 19.27 549.3 57.27
1 345.42 271.71 371.42 297.71
1 120.37 400.46 164.37 447.46
1 522.94 546.45 569.94 595.45
1 848.58 523.25 875.58 551.25
1 843.1 409.8 902.1 471.8
1 961.29 348.35 992.29 380.35
1 941.39 491.36 993.39 543.36
1 1134.16 458.0 1171.16 494.0
1 1388.77 359.51 1415.77 387.51
1 1485.17 329.51 1527.17 371.51
1 1433.24 431.09 1481.24 481.09
1 1540.26 483.48 1570.26 514.48
1 1567.82 584.45 1591.82 609.45
1 1152.6 619.3 1183.6 651.3
1 1006.65 692.36 1044.65 731.36
1 986.7 635.49 1012.7 662.49
1 1050.19 738.4 1108.19 798.4
1 1161.31 697.45 1208.31 747.45
1 911.32 888.37 965.32 945.37
1 487.34 677.01 535.34 725.01
1 393.79 645.25 423.79 677.25
1 216.33 719.1 240.33 744.1
1 217.3 770.36 254.3 809.36
1 121.5 918.28 166.5 964.28
1 221.19 930.15 238.19 946.15
1 342.4 887.02 371.4 916.02
1 377.05 945.25 404.05 974.25
1 46.98 961.19 90.98 1007.19
1 734.18 978.53 781.18 1026.53
1 455.22 1108.16 500.22 1154.16
1 434.29 1159.6 478.29 1203.6
1 477.56 1020.33 520.56 1064.33
1 731.27 1110.31 784.27 1164.31
1 917.36 980.61 968.36 1030.61
1 825.66 986.5 858.66 1018.5
1 811.23 1085.32 857.23 1131.32
1 869.43 1099.94 912.43 1143.94
1 733.43 1183.2 785.43 1235.2
1 1226.57 844.39 1259.57 879.39
1 1267.34 696.26 1292.34 721.26
1 1826.73 248.01 1883.73 303.01
1 1633.66 171.13 1657.66 196.13
1 1590.29 119.3 1636.29 165.3
1 1696.32 124.09 1763.32 191.09
1 1559.12 3.2 1634.12 76.2
1 1925.27 22.5 1981.27 75.5
1 1944.18 299.03 2002.18 359.03
1 1914.62 486.34 1970.62 545.34
1 1753.66 499.47 1800.66 547.47
1 1766.38 623.91 1806.38 664.91
1 1458.58 748.19 1535.58 825.19
1 1283.06 832.59 1368.06 921.59
1 1347.52 979.09 1392.52 1026.09
1 1458.23 995.34 1493.23 1031.34
1 1360.61 1075.22 1425.61 1141.22
1 1651.31 1178.17 1710.31 1237.17
1 1701.4 1048.22 1782.4 1131.22
1 1930.7 987.08 1966.7 1024.08
1 1842.0 1126.15 1954.0 1243.15
1 562.17 1177.28 589.17 1204.28
1 336.34 -1.67 380.34 29.33
1 185.74 -0.53 203.74 6.47
1 659.3 -1.46 694.3 25.54
1 1645.3 -1.26 1702.3 12.74
