0 528.06 851.47 588.06 996.47
0 901.16 840.97 987.16 926.97
0 1155.62 884.49 1232.62 955.49
0 565.05 1274.98 651.05 1400.98
0 399.02 1502.96 501.02 1652.96
0 317.57 1733.54 426.57 1834.54
0 503.07 1810.54 641.07 1925.54
0 439.05 1895.47 556.05 2052.47
0 630.09 404.5 742.09 487.5
0 189.06 481.57 263.06 578.57
0 37.11 775.49 95.11 860.49
0 192.7 1461.0 279.7 1535.0
0 645.06 757.05 755.06 859.05
2 1215.56 99.01 1304.56 189.01
2 1785.56 452.99 1898.56 566.99
2 1780.56 702.02 1879.56 802.02
2 1596.06 736.51 1712.06 851.51
2 1014.55 814.0 1117.55 918.0
2 483.07 1066.02 637.07 1222.02
2 1336.59 1687.54 1467.59 1816.54
2 1635.56 1556.01 1744.56 1664.01
2 1379.08 1927.49 1469.08 2016.49
2 998.09 660.51 1090.09 751.51
2 1342.64 1489.46 1409.64 1538.46
2 1389.55 1274.16 1446.55 1350.16
2 1331.69 1255.53 1388.69 1288.53
2 1174.62 1195.98 1253.62 1251.98
2 1027.62 1541.01 1124.62 1595.01
2 713.07 1649.52 803.07 1770.52
2 857.58 943.53 902.58 1028.53
2 370.15 1043.48 494.15 1128.48
2 680.05 583.02 732.05 673.02
2 387.55 634.55 444.55 717.55
2 751.6 67.06 800.6 141.06
2 223.69 121.03 320.69 171.03
2 521.34 -5.09 597.34 106.91
2 275.55 619.44 336.55 740.44
2 244.61 800.04 287.61 884.04
2 1145.66 604.51 1238.66 679.51
2 1208.56 1426.11 1275.56 1514.11
2 275.2 1348.01 397.2 1420.01
2 788.05 1494.58 844.05 1573.58
1 1182.66 1997.4 1272.66 2049.4
1 1383.62 491.49 1460.62 568.49
1 1245.12 287.01 1335.12 377.01
1 1136.63 410.5 1179.63 453.5
1 1190.54 490.51 1241.54 541.51
1 975.62 471.5 1028.62 524.5
1 953.16 330.99 1027.16 404.99
1 841.59 349.51 898.59 406.51
1 924.14 115.99 984.14 175.99
1 1121.08 178.99 1163.08 220.99
1 1411.2 207.0 1445.2 241.0
1 1707.64 331.52 1756.64 380.52
1 1566.54 298.49 1617.54 349.49
1 1611.74 361.49 1644.74 394.49
1 1559.16 391.0 1597.16 429.0
1 1578.17 590.0 1618.17 630.0
1 1913.58 643.5 1958.58 688.5
1 1992.6 672.5 2039.6 719.5
1 1908.58 350.49 1963.58 405.49
1 1806.04 70.0 1858.04 122.0
1 1627.62 127.49 1680.62 180.49
1 1440.16 30.01 1500.16 90.01
1 1917.69 59.5 1950.69 92.5
1 1987.5 17.5 2036.5 66.5
1 1865.71 1.5 1894.71 30.5
1 1379.56 851.49 1424.56 896.49
1 1553.69 915.5 1590.69 952.5
1 1265.59 1005.51 1322.59 1062.51
1 1436.68 1130.51 1471.68 1165.51
1 1651.74 1093.51 1684.74 1126.51
1 1764.09 1080.0 1820.09 1136.0
1 1863.67 975.52 1900.67 1012.52
1 1907.69 859.49 1940.69 892.49
1 1917.24 971.02 1939.24 993.02
1 1875.14 1241.0 1929.14 1295.0
1 1713.69 1255.5 1750.69 1292.5
1 1542.19 1229.98 1606.19 1293.98
1 1603.16 1319.0 1641.16 1357.0
1 1491.1 1378.99 1537.1 1424.99
1 1816.68 1496.51 1851.68 1531.51
1 1907.26 1413.0 1933.26 1439.0
1 1655.64 1479.52 1704.64 1528.52
1 1820.6 1588.5 1867.6 1635.5
1 1938.5 1800.5 1989.5 1851.5
1 1711.68 1675.5 1772.68 1736.5
1 2014.56 1843.01 2049.56 1885.01
1 1630.18 1824.0 1698.18 1892.0
1 1407.67 1803.52 1444.67 1840.52
1 1479.52 1913.49 1528.52 1962.49
1 1211.69 1793.5 1248.69 1830.5
1 1094.66 1836.51 1165.66 1907.51
1 1116.19 1684.0 1180.19 1748.0
1 1112.65 1606.51 1175.65 1669.51
1 1057.69 1635.5 1094.69 1672.5
1 1102.17 1387.99 1162.17 1447.99
1 991.57 1283.5 1076.57 1368.5
1 806.09 1178.01 862.09 1234.01
1 833.66 1261.51 902.66 1330.51
1 711.63 1463.5 776.63 1528.5
1 644.68 1432.49 679.68 1467.49
1 558.55 1550.97 613.55 1636.97
1 322.53 1510.5 417.53 1605.5
1 341.23 1970.98 371.23 2000.98
1 139.71 1567.49 160.71 1588.49
1 247.14 1123.0 321.14 1197.0
1 346.56 1144.5 449.56 1247.5
1 776.58 938.49 831.58 993.49
1 946.52 594.5 1029.52 677.5
1 751.16 199.0 825.16 273.0
1 429.64 175.5 498.64 244.5
1 335.55 260.02 432.55 412.02
1 555.1 177.5 689.1 270.5
1 514.31 660.32 566.31 711.32
1 725.14 731.47 779.14 792.47
1 1536.13 770.99 1624.13 848.99
1 1992.06 400.0 2051.06 479.0
1 2028.65 224.63 2049.65 258.63
1 2009.77 892.94 2050.77 942.94
1 774.08 2024.96 815.08 2049.96
1 861.1 1808.01 967.1 1912.01
1 817.55 1619.03 898.55 1709.03
1 1849.27 1996.16 1914.27 2050.16
1 1262.12 647.48 1294.12 684.48
1 1246.64 1360.5 1321.64 1427.5
