0 764.11 213.02 856.11 289.02
0 680.06 142.51 760.06 235.51
0 896.08 82.53 944.08 141.53
0 372.14 459.01 426.14 527.01
0 282.16 562.98 342.16 638.98
0 326.58 675.46 361.58 720.46
0 -2.46 197.74 57.54 261.74
0 243.56 213.51 434.56 360.51
2 514.63 531.5 573.63 590.5
2 203.13 596.01 261.13 654.01
2 374.66 291.51 407.66 324.51
2 20.18 477.04 102.18 551.04
2 451.21 142.54 497.21 183.54
1 156.19 128.49 194.19 165.49
1 188.6 309.5 227.6 350.5
1 49.19 555.03 83.19 587.03
1 37.71 446.0 70.71 478.0
1 63.75 359.99 86.75 381.99
1 302.22 12.97 326.22 38.97
1 435.69 440.5 460.69 463.5
1 348.27 380.5 376.27 407.5
1 314.27 494.5 342.27 521.5
1 21.71 764.96 44.71 788.96
1 249.69 856.01 278.69 886.01
1 779.7 42.48 806.7 69.48
1 736.73 52.97 763.73 78.97
1 426.14 2.5 446.14 21.5
1 92.25 187.5 118.25 212.5
1 545.67 308.49 562.67 325.49
1 607.73 566.48 627.73 584.48
1 519.19 760.48 538.19 780.48
1 779.71 380.47 800.71 400.47
