0 573.1 615.63 675.1 689.63
0 524.57 457.02 615.57 559.02
0 651.01 523.5 748.01 596.5
0 970.16 517.35 1018.16 589.35
0 825.62 594.58 890.62 654.58
0 772.13 482.33 836.13 520.33
0 940.91 452.95 1025.91 506.95
0 879.29 458.8 946.29 499.8
0 676.26 360.37 725.26 398.37
0 903.43 246.35 931.43 292.35
0 686.05 264.05 722.05 312.05
0 138.5 226.33 180.5 252.33
0 207.5 468.19 255.5 509.19
0 163.57 551.95 204.57 607.95
0 209.21 657.96 271.21 705.96
0 228.5 846.96 270.5 884.96
0 179.77 808.97 213.77 838.97
0 320.4 918.53 377.4 957.53
0 329.79 718.43 371.79 772.43
0 483.98 894.43 506.98 932.43
0 798.23 956.39 855.23 1002.39
0 684.71 722.58 748.71 797.58
0 714.23 839.93 762.23 871.93
0 865.38 898.49 897.38 953.49
0 975.44 960.4 1015.44 998.4
0 531.18 91.0 564.18 117.0
0 437.26 538.13 515.26 583.13
0 270.48 550.2 308.48 592.2
0 436.57 436.13 467.57 489.13
0 742.57 922.19 773.57 975.19
0 487.3 672.13 538.3 717.13
0 248.56 528.25 290.56 557.25
0 120.37 472.38 189.37 518.38
0 323.64 476.96 388.64 514.96
0 212.49 336.07 238.49 380.07
0 561.35 16.38 604.35 42.38
0 248.55 17.14 270.55 52.14
0 453.32 173.49 487.32 194.49
0 618.68 341.03 657.68 379.03
2 814.98 269.51 853.98 307.51
2 964.54 235.54 1022.54 292.54
2 645.3 50.98 700.3 104.98
2 730.32 98.33 763.32 132.32
2 412.38 130.27 453.38 172.27
2 324.21 57.04 365.21 99.04
2 47.08 71.3 93.08 119.3
2 234.21 394.32 279.21 440.32
2 112.18 627.11 157.18 697.11
2 433.43 627.66 465.43 684.66
2 253.84 265.24 284.84 315.24
2 431.73 250.45 471.73 276.45
2 770.69 417.39 816.69 437.39
2 891.64 383.69 940.64 437.69
2 748.36 451.99 781.36 479.99
2 512.26 279.58 581.26 353.58
2 67.77 497.6 101.77 542.6
1 91.71 96.39 116.71 122.39
1 339.4 176.29 358.4 194.29
1 162.27 141.37 186.27 165.37
1 351.31 597.25 382.31 628.25
1 680.6 425.06 706.6 451.06
1 723.0 315.43 740.0 332.43
1 819.49 161.37 843.49 185.37
1 769.33 83.35 788.33 103.35
1 895.85 515.0 917.85 537.0
1 848.06 663.84 867.06 682.84
1 598.24 218.63 622.24 242.63
1 604.59 262.31 626.59 284.31
1 543.01 248.12 564.01 269.12
1 513.29 349.0 531.29 367.0
1 603.57 137.4 631.57 165.4
1 573.34 159.15 596.34 182.15
1 552.52 175.12 570.52 194.12
1 667.24 90.36 689.24 112.36
1 764.34 18.18 785.34 39.18
1 818.16 33.39 838.16 53.39
1 323.26 251.97 342.26 271.97
1 313.74 400.29 331.74 418.29
1 0.0 130.46 23.0 153.46
1 60.56 549.23 75.56 564.23
1 287.18 163.68 309.18 185.68
