0 807.08 905.66 869.08 951.66
0 449.45 566.52 505.45 609.52
0 87.75 982.34 129.75 1026.34
0 530.12 68.67 578.12 108.67
2 537.26 154.46 584.26 201.46
2 649.94 163.14 696.94 210.14
2 689.68 115.58 735.68 161.58
2 808.41 88.51 854.41 135.51
2 820.13 167.41 868.13 215.41
2 624.63 345.1 663.63 384.1
2 683.34 393.3 723.34 433.3
2 622.31 488.0 663.31 528.0
2 563.26 575.92 602.26 614.92
2 345.4 47.36 393.4 95.36
2 21.97 277.21 64.97 320.21
2 28.22 398.14 69.22 439.14
2 136.1 655.86 167.1 686.86
2 175.24 699.01 218.24 741.01
2 909.58 941.23 1002.58 1026.23
2 264.69 782.5 327.69 845.5
2 345.41 977.81 401.41 1025.81
2 493.69 704.98 535.69 746.98
2 454.56 909.13 505.56 960.13
2 459.38 967.38 511.38 1019.38
2 299.19 905.11 342.19 948.11
2 290.03 271.85 329.03 310.85
2 790.42 304.0 823.42 336.0
2 794.21 644.99 831.21 682.99
2 973.01 841.01 1023.01 891.01
2 686.42 879.03 740.42 933.03
2 613.7 955.63 663.7 1005.63
2 102.09 126.28 146.09 171.28
2 621.79 861.68 663.79 903.68
2 592.1 879.36 636.1 923.36
2 479.51 506.82 511.51 543.82
2 643.61 245.36 676.61 285.36
2 950.42 354.18 987.42 391.18
2 628.28 721.99 669.28 761.99
2 388.53 819.6 430.53 861.6
2 455.22 860.65 494.22 927.65
2 241.23 734.12 268.23 778.12
2 333.5 635.7 362.5 680.7
2 424.41 261.31 446.41 296.31
2 552.71 331.11 576.71 365.11
2 48.28 189.96 76.28 213.96
2 97.48 253.34 133.48 281.34
2 49.63 144.65 70.63 171.65
2 6.61 112.51 25.61 134.51
2 -1.24 906.46 29.76 958.46
2 916.22 678.37 953.22 735.37
2 853.63 375.66 874.63 404.66
2 115.21 588.21 153.21 617.21
2 916.46 750.29 958.46 796.29
2 661.48 854.28 701.48 899.28
2 763.5 981.44 812.5 1026.44
2 145.41 778.25 185.41 823.25
2 47.24 662.22 82.24 703.22
2 367.73 654.06 400.73 683.06
2 854.64 700.98 884.64 730.98
2 903.3 653.02 942.3 691.02
2 983.16 570.38 1017.16 604.38
2 311.57 740.05 343.57 772.05
2 442.7 337.39 473.7 369.39
2 737.36 98.17 777.36 139.17
2 932.29 54.32 969.29 92.32
1 548.26 407.31 580.26 439.31
1 471.4 427.07 498.4 453.07
1 381.66 436.26 402.66 457.26
1 373.66 464.26 394.66 485.26
1 379.89 499.57 405.89 525.57
1 285.84 519.7 311.84 545.7
1 285.84 519.7 311.84 545.7
1 193.27 589.0 215.27 611.0
1 211.21 525.22 229.21 544.22
1 227.4 511.85 250.4 534.85
1 157.12 530.12 182.12 555.12
1 46.5 446.35 64.5 464.35
1 58.62 495.75 69.62 506.75
1 55.55 519.4 75.55 539.4
1 10.8 484.72 38.8 512.72
1 85.84 315.59 107.84 337.59
1 199.25 251.13 221.25 274.13
1 209.37 311.86 228.37 330.86
1 304.54 222.38 326.54 244.38
1 346.38 143.51 367.38 164.51
1 367.55 191.3 391.55 215.3
1 403.35 121.09 422.35 140.09
1 241.53 40.0 265.53 64.0
1 203.55 138.53 223.55 157.53
1 210.57 378.41 232.57 400.41
1 146.1 333.16 169.1 356.16
1 154.43 376.78 175.43 397.78
1 192.05 433.2 219.05 460.2
1 129.69 468.15 150.69 489.15
1 14.69 614.5 33.69 633.5
1 39.52 612.6 59.52 632.6
1 90.63 673.15 109.63 692.15
1 126.69 730.5 145.69 749.5
1 524.51 830.21 549.51 855.21
1 565.08 819.5 590.08 844.5
1 355.47 771.53 383.47 800.53
1 169.4 967.35 192.4 991.35
1 76.05 867.8 103.05 894.8
1 131.34 914.5 154.34 937.5
1 265.6 895.36 289.6 919.36
1 278.24 170.24 306.24 199.24
1 898.07 257.14 929.07 288.14
1 983.38 499.88 1006.38 522.88
1 934.24 559.33 958.24 583.33
1 878.34 612.14 903.34 637.14
1 778.35 558.17 799.35 579.17
1 759.52 511.48 783.52 536.48
1 725.69 474.19 758.69 507.19
1 842.48 746.27 864.48 768.27
1 802.29 802.0 826.29 826.0
1 804.79 855.36 824.79 875.36
1 938.39 939.32 959.39 959.32
1 352.21 593.32 376.21 617.32
1 313.15 589.0 335.15 611.0
1 476.21 677.32 500.21 701.32
1 342.64 369.18 357.64 384.18
1 361.62 392.79 378.62 409.79
1 640.64 415.34 659.64 435.34
1 574.69 194.25 597.69 216.25
1 146.63 827.85 165.63 846.85
1 221.49 893.32 241.49 913.32
1 222.57 848.09 244.57 869.09
1 576.04 633.19 595.04 652.19
1 730.17 649.22 750.17 669.22
1 612.59 793.0 638.59 819.0
1 700.54 66.09 726.54 91.09
1 833.49 39.51 853.49 60.51
1 1008.4 879.3 1022.4 894.3
1 945.37 887.86 964.37 906.86
1 971.59 875.37 995.59 899.37
1 884.33 933.28 901.33 949.28
1 128.72 881.16 155.72 908.16
1 716.21 868.0 740.21 892.0
1 288.25 420.09 309.25 441.09
1 601.96 497.23 620.96 516.23
1 378.42 682.24 411.42 715.24
1 -0.13 549.0 24.87 575.0
1 730.4 774.15 751.4 795.15
1 901.53 368.0 925.53 392.0
1 742.43 361.32 767.43 385.32
1 901.53 154.47 925.53 177.47
