0 326.21 143.28 373.21 199.28
0 305.17 608.39 355.17 644.39
0 109.12 719.15 161.12 770.15
0 -1.16 652.68 33.84 697.68
0 147.64 935.54 232.64 1020.54
0 -0.9 917.13 82.1 978.13
0 368.34 778.26 421.34 842.26
0 104.68 793.48 151.68 826.48
0 145.19 792.3 191.19 824.3
0 638.53 760.5 692.53 835.5
0 661.31 948.03 724.31 1016.03
0 874.34 894.47 947.34 993.47
0 731.11 503.49 774.11 532.49
0 677.93 691.27 728.93 755.27
0 611.58 861.35 667.58 911.35
0 574.52 502.01 616.52 554.01
0 210.67 675.34 256.67 707.34
0 649.43 419.28 682.43 452.28
0 765.15 978.02 815.15 1013.02
2 25.23 23.0 60.23 57.0
2 213.12 50.45 266.12 103.45
2 298.71 232.49 328.71 262.49
2 356.67 277.03 393.67 314.03
2 583.02 216.0 631.02 264.0
2 733.27 227.5 759.27 253.5
2 700.59 441.02 746.59 487.02
2 380.63 455.51 452.63 527.51
2 121.12 332.99 159.12 370.99
2 94.29 381.52 125.29 412.52
2 130.1 521.48 172.1 563.48
2 443.08 680.49 492.08 729.49
2 507.2 807.54 570.2 870.54
2 686.19 649.02 716.19 679.02
2 362.6 431.52 405.6 474.52
2 641.26 302.97 670.26 330.97
2 158.1 725.0 194.1 761.0
2 548.64 591.5 594.64 621.5
2 563.06 609.6 596.06 673.6
2 644.68 366.87 670.68 385.87
2 700.24 358.92 729.24 379.92
2 179.27 445.0 215.27 472.0
2 324.53 708.61 353.53 763.61
2 592.49 839.73 640.49 914.73
2 23.68 731.49 61.68 757.49
2 225.06 822.0 338.06 935.0
2 432.13 923.04 487.13 977.04
2 348.58 966.56 432.58 1027.56
2 370.66 68.71 391.66 96.71
2 546.79 52.96 574.79 72.96
2 743.2 899.34 784.2 964.34
2 911.36 810.55 1027.36 871.55
2 801.45 717.21 889.45 804.21
2 710.39 712.52 786.39 789.52
2 750.77 586.95 828.77 664.95
2 954.54 720.05 1006.54 771.05
2 887.31 147.15 934.31 194.15
2 901.32 328.07 964.32 391.07
2 931.45 319.23 973.45 356.23
2 904.6 506.39 927.6 539.39
2 59.28 855.51 100.28 885.51
2 779.1 381.46 823.1 426.46
2 779.1 381.46 823.1 426.46
2 968.08 -1.07 1003.08 27.93
2 994.66 494.5 1025.66 531.5
2 1006.46 354.87 1025.46 386.87
2 701.18 569.01 741.18 603.01
2 532.2 996.49 571.2 1025.49
1 68.81 50.04 92.81 74.04
1 167.16 47.61 201.16 81.61
1 57.24 106.98 79.24 128.98
1 173.15 128.36 207.15 162.36
1 102.7 185.19 137.7 220.19
1 91.39 258.53 118.39 285.53
1 65.35 293.13 88.35 316.13
1 6.68 341.17 29.68 364.17
1 183.47 247.41 219.47 283.41
1 312.46 113.23 341.46 141.23
1 332.7 74.5 367.7 109.5
1 580.73 55.18 607.73 82.18
1 504.41 74.11 533.41 103.11
1 497.68 270.27 522.68 295.27
1 404.61 324.1 438.61 357.1
1 387.32 0.46 410.32 23.46
1 529.2 -0.64 551.2 17.36
1 703.75 55.5 728.75 80.5
1 661.46 119.2 689.46 147.2
1 394.72 67.26 413.72 86.26
1 784.7 33.14 811.7 60.14
1 784.7 33.14 811.7 60.14
1 869.77 34.32 894.77 60.32
1 922.54 -0.63 944.54 16.37
1 795.31 181.13 818.31 204.13
1 970.46 153.48 1003.46 174.48
1 957.91 235.64 983.91 261.64
1 687.51 233.3 707.51 253.3
1 915.6 429.32 943.6 457.32
1 791.63 498.22 812.63 527.22
1 566.55 337.31 588.55 365.31
1 529.52 528.03 545.52 544.03
1 154.37 323.27 175.37 343.27
1 119.58 543.39 143.58 567.39
1 928.19 654.23 960.19 687.23
1 581.47 698.5 613.47 729.5
1 65.86 569.05 95.86 592.05
1 344.67 800.32 371.67 826.32
1 638.45 -1.15 672.45 20.85
1 268.9 306.57 296.9 334.57
1 85.7 446.21 110.7 471.21
1 39.55 495.3 63.55 519.3
1 189.61 555.49 230.61 596.49
1 815.91 678.51 862.91 725.51
1 801.47 353.14 821.47 372.14
1 600.58 184.11 626.58 209.11
1 483.73 157.79 514.73 188.79
1 199.51 330.2 219.51 351.2
1 239.49 360.18 275.49 401.18
1 743.48 422.31 767.48 447.31
1 818.43 459.24 843.43 483.24
1 1004.31 453.0 1025.31 479.0
1 968.79 521.33 996.79 549.33
1 193.45 691.22 221.45 719.22
1 432.33 589.0 469.33 627.0
1 279.4 331.17 310.4 362.17
1 898.49 482.23 932.49 516.23
1 25.51 819.15 52.51 846.15
1 476.35 378.19 517.35 419.19
