0 203.81 652.67 226.81 674.67
0 178.34 469.55 213.34 502.55
0 90.11 651.6 121.11 671.6
0 138.85 657.46 163.85 679.46
0 4.77 629.72 36.77 661.72
0 80.07 711.54 97.07 732.54
0 12.91 745.49 31.91 771.49
0 77.88 787.5 108.88 813.5
0 36.3 896.74 57.3 922.74
0 333.82 364.45 376.82 407.45
0 390.9 412.83 430.9 449.83
0 478.09 405.73 504.09 425.73
0 483.67 746.13 506.67 768.13
0 386.94 786.72 403.94 806.72
0 318.26 873.9 337.26 888.9
0 523.72 273.57 554.72 320.57
0 749.2 143.85 789.2 175.85
0 706.67 99.67 735.67 126.67
0 691.63 341.11 717.63 367.11
0 715.2 686.35 738.2 711.35
0 701.23 734.1 722.23 751.1
0 1005.45 42.07 1025.45 86.07
0 889.03 61.04 917.03 94.04
0 789.93 795.17 807.93 813.17
0 835.11 80.47 869.11 111.47
0 769.72 72.89 799.72 126.89
0 754.85 246.67 782.85 266.67
0 776.81 299.54 803.81 321.54
0 819.78 339.43 840.78 360.43
0 881.21 184.83 900.21 209.83
0 935.25 40.16 974.25 68.16
0 737.29 571.84 767.29 594.84
0 722.21 649.21 746.21 675.21
0 741.25 799.06 760.25 820.06
0 964.75 161.66 988.75 184.66
0 998.04 128.06 1023.04 150.06
0 518.82 400.91 546.82 424.91
0 470.11 314.04 499.11 347.04
0 455.1 421.74 467.1 441.74
0 585.03 394.6 598.03 413.6
0 492.21 567.43 508.21 583.43
0 578.26 786.77 596.26 801.77
0 384.95 725.48 401.95 745.48
0 595.15 959.89 609.15 974.89
0 366.98 495.62 403.98 520.62
0 415.97 311.97 443.97 341.97
0 269.8 392.66 297.8 429.66
0 196.16 421.32 225.16 451.32
0 133.16 523.82 162.16 554.82
0 193.01 869.27 207.01 888.27
0 139.61 917.6 156.61 934.6
0 56.14 784.85 73.14 799.85
0 40.78 624.9 75.78 651.9
0 165.82 572.12 186.82 593.12
0 316.77 541.94 334.77 562.94
0 304.12 516.97 324.12 537.97
0 309.95 439.81 335.95 467.81
0 501.01 813.92 520.01 830.92
0 689.96 152.35 715.96 176.35
0 765.28 515.69 783.28 538.69
0 958.82 117.78 977.82 138.78
0 698.1 793.95 713.1 811.95
0 623.07 622.24 642.07 639.24
0 671.98 555.71 694.98 581.71
0 407.86 605.95 430.86 618.95
2 675.56 148.07 685.56 183.07
2 925.8 207.85 936.8 212.85
2 988.65 184.67 1001.65 190.67
2 694.22 375.85 721.22 387.85
2 740.07 492.76 765.07 502.76
2 850.0 599.73 859.0 622.73
2 959.66 583.5 967.66 603.5
2 994.71 661.09 1010.71 667.09
2 912.68 689.89 924.68 710.89
2 809.97 693.93 824.97 701.93
2 873.63 709.07 887.63 716.07
2 785.01 894.06 795.01 912.06
2 841.68 -0.96 885.68 38.04
2 686.32 223.11 724.32 261.11
2 721.01 195.54 766.01 236.54
2 770.28 852.11 805.28 887.11
2 622.76 188.71 659.76 225.71
2 534.91 449.83 575.91 490.83
2 595.06 474.87 624.06 503.87
2 356.64 540.56 409.64 593.56
2 413.06 359.47 466.06 376.47
2 433.05 519.89 468.05 529.89
2 478.0 469.96 503.0 476.96
2 426.18 580.84 441.18 588.84
2 452.71 623.28 469.71 633.28
2 333.54 643.02 345.54 673.02
2 275.17 605.05 281.17 623.05
2 519.99 696.76 534.99 705.76
2 431.8 852.56 447.8 859.56
2 459.21 905.58 481.21 915.58
2 437.03 871.76 444.03 884.76
2 369.05 822.77 391.05 844.77
2 425.06 793.84 448.06 816.84
2 234.28 966.56 258.28 991.56
2 237.67 878.07 249.67 898.07
2 219.74 946.22 229.74 969.22
2 248.11 807.12 257.11 829.12
2 241.09 691.65 249.09 717.65
2 141.74 839.0 148.74 859.0
2 127.7 732.77 161.7 743.77
2 154.12 610.99 164.12 640.99
2 106.44 600.56 155.44 611.56
2 -1.43 696.78 48.57 706.78
2 63.81 615.58 132.81 684.58
2 100.04 491.41 194.04 577.41
2 561.28 585.12 593.28 614.12
2 142.59 700.94 153.59 727.94
1 886.25 848.16 899.25 861.16
1 898.87 824.81 913.87 839.81
1 984.89 791.89 995.89 802.89
1 892.25 761.16 905.25 774.16
1 883.33 964.08 897.33 978.08
1 836.86 1011.7 845.86 1020.7
1 714.22 925.16 726.22 937.16
1 716.09 975.0 726.09 985.0
1 674.25 876.16 683.25 885.16
1 638.88 872.79 651.88 885.79
1 630.95 851.88 642.95 863.88
1 667.23 934.54 681.23 949.54
1 540.11 989.11 548.11 997.11
1 520.05 891.93 534.05 905.93
1 586.8 685.73 599.8 698.73
1 545.65 622.59 558.65 635.59
1 623.09 556.09 632.09 565.09
1 571.12 555.82 584.12 568.82
1 796.01 659.82 809.01 672.82
1 838.09 691.0 848.09 701.0
1 807.14 648.0 819.14 660.0
1 906.16 606.95 930.16 630.95
1 879.16 595.9 901.16 617.9
1 935.62 561.57 951.62 577.57
1 912.75 461.64 926.75 475.64
1 951.78 462.6 966.78 477.6
1 980.07 403.49 993.07 417.49
1 923.25 414.14 936.25 427.14
1 854.79 322.69 872.79 340.69
1 1015.38 227.0 1024.38 238.0
1 534.83 866.64 551.83 883.64
1 522.61 536.53 536.61 550.53
1 941.95 142.87 952.95 153.87
1 929.95 113.89 941.95 125.89
1 339.93 347.84 353.93 361.84
1 311.73 412.65 324.73 425.65
1 287.18 568.63 299.18 581.63
1 208.71 801.54 220.71 813.54
1 215.78 810.62 227.78 822.62
1 271.07 914.47 282.07 926.47
1 381.28 902.1 395.28 916.1
1 416.28 947.6 430.28 962.6
1 424.76 969.63 441.76 986.63
1 327.14 1011.0 339.14 1023.0
1 361.21 1007.03 375.21 1021.03
1 258.17 991.09 273.17 1006.09
1 82.91 954.78 95.91 967.78
1 150.73 956.54 165.73 971.54
1 422.03 720.92 437.03 735.92
1 239.76 619.61 252.76 632.61
1 483.78 545.62 495.78 557.62
1 260.22 831.09 275.22 846.09
1 285.16 927.07 302.16 944.07
1 400.0 993.95 417.0 1010.95
1 296.25 989.13 315.25 1008.13
1 186.26 1010.71 204.26 1024.71
1 729.12 263.05 741.12 275.05
1 678.32 452.02 694.32 468.02
1 623.17 519.01 642.17 538.01
1 499.11 663.0 514.11 678.0
1 693.21 677.1 704.21 688.1
1 658.09 795.0 668.09 805.0
1 478.71 705.61 492.71 719.61
1 507.68 843.0 517.68 852.0
1 692.27 981.22 708.27 997.22
1 428.0 629.5 444.0 646.5
1 322.92 840.65 338.92 856.65
1 486.32 513.02 502.32 529.02
1 380.33 645.16 399.33 664.16
1 382.0 866.5 397.0 882.5
1 204.0 727.85 215.0 738.85
1 180.82 688.7 193.82 701.7
1 782.59 400.59 792.59 410.59
1 757.25 428.14 770.25 441.14
