0 372.18 376.28 435.18 427.28
0 318.63 484.03 379.63 524.03
0 405.64 448.01 470.64 496.01
0 484.1 474.99 517.1 520.99
0 486.75 528.99 521.75 554.99
0 437.12 537.48 467.12 579.48
0 414.22 531.53 442.22 561.53
0 364.7 558.01 401.7 586.01
0 382.82 580.01 419.82 605.01
0 380.22 495.51 415.22 527.51
0 438.64 255.5 480.64 297.5
0 330.64 214.99 381.64 250.99
0 310.63 264.52 370.63 307.52
0 308.23 171.99 341.23 201.99
0 234.08 501.5 264.08 542.5
0 191.69 168.97 237.69 202.97
0 159.24 377.0 198.24 407.0
0 166.66 418.91 188.66 445.91
0 271.13 319.51 319.13 356.51
0 277.67 69.55 323.67 107.55
0 408.2 12.45 459.2 68.45
0 459.69 101.98 495.69 143.98
0 430.66 157.97 472.66 193.97
0 910.18 267.5 940.18 304.5
0 821.64 399.51 850.64 439.51
0 743.67 474.49 768.67 509.49
0 719.29 764.41 760.29 804.41
0 808.41 781.24 838.41 822.24
0 890.33 859.18 936.33 902.18
0 858.9 884.13 901.9 929.13
0 980.28 865.05 1009.28 907.05
0 800.46 720.39 830.46 754.39
0 713.24 665.23 743.24 693.23
0 722.6 693.24 752.6 731.24
0 568.12 793.51 609.12 835.51
0 615.36 826.32 667.36 865.32
0 665.56 903.02 701.56 929.02
0 667.41 869.21 714.41 902.21
0 738.44 880.22 758.44 911.22
0 231.44 914.91 259.44 948.91
0 272.62 720.31 312.62 762.31
0 393.59 708.49 442.59 746.49
0 381.45 787.23 410.45 818.23
0 383.52 814.5 440.52 858.5
0 354.15 648.35 400.15 687.35
0 556.55 52.24 583.55 85.24
0 801.46 77.2 839.46 120.2
0 848.2 98.25 873.2 130.25
0 752.41 568.03 775.41 597.03
0 791.53 618.13 820.53 651.13
0 829.49 808.95 867.49 838.95
0 577.79 651.19 609.79 676.19
0 573.55 676.3 623.55 701.3
0 535.64 783.21 560.64 815.21
0 489.13 738.13 507.13 765.13
0 320.1 798.47 364.1 859.47
0 486.73 617.5 521.73 635.5
0 482.46 592.3 535.46 618.3
0 498.49 867.33 551.49 906.33
0 552.27 884.17 592.27 935.17
0 960.16 458.13 977.16 482.13
0 913.25 603.03 944.25 633.03
0 947.64 572.2 975.64 599.2
0 960.61 672.11 988.61 691.11
0 897.65 793.18 929.65 819.18
0 1002.28 136.0 1025.28 168.0
0 452.38 827.59 482.38 854.59
0 373.25 901.27 402.25 920.27
0 616.65 209.93 634.65 234.93
0 903.53 373.97 929.53 407.97
0 945.37 348.14 974.37 369.14
0 342.33 722.23 383.33 762.23
0 401.45 747.89 445.45 779.89
2 546.56 341.3 599.56 394.3
2 630.54 257.28 660.54 287.28
2 631.62 180.16 655.62 203.16
2 709.39 98.4 738.39 128.4
2 598.62 51.32 651.62 103.32
2 592.15 7.34 626.15 41.34
2 522.41 25.86 549.41 52.86
2 678.42 122.02 705.42 148.02
2 770.33 161.1 799.33 190.1
2 779.68 203.24 812.68 236.24
2 938.4 54.55 973.4 89.55
2 913.21 89.6 945.21 121.6
2 976.76 24.28 1009.76 56.28
2 984.22 288.27 1014.22 318.27
2 957.82 271.55 985.82 299.55
2 404.58 152.68 442.58 190.68
2 357.24 158.17 389.24 191.17
2 314.18 106.13 374.18 167.13
2 196.18 253.35 234.18 287.35
2 112.24 81.85 153.24 122.85
2 184.43 327.4 224.43 367.4
2 323.51 11.34 373.51 55.34
2 923.05 139.72 942.05 152.72
2 714.11 67.16 750.11 92.16
2 782.45 11.44 805.45 39.44
2 739.96 195.91 754.96 209.91
2 812.36 175.02 827.36 193.02
2 836.33 310.26 857.33 339.26
2 733.73 288.95 756.73 306.95
2 595.1 279.06 622.1 319.06
2 651.62 361.12 675.62 395.12
2 515.27 669.84 549.27 716.84
2 445.16 651.11 478.16 703.11
2 246.27 621.63 295.27 675.63
2 211.26 544.3 254.26 588.3
2 218.21 586.5 254.21 619.5
2 394.63 635.48 431.63 674.48
2 495.66 565.01 526.66 597.01
2 666.08 690.01 710.08 734.01
2 630.18 662.5 677.18 705.5
2 536.33 918.08 578.33 963.08
2 657.7 963.97 688.7 995.97
2 836.15 917.01 892.15 971.01
2 575.05 727.44 629.05 778.44
2 804.58 497.98 854.58 545.98
2 823.5 568.55 854.5 595.55
2 915.45 499.98 945.45 529.98
2 934.21 476.15 955.21 497.15
2 906.53 450.31 936.53 480.31
2 957.38 646.21 982.38 672.21
2 813.38 637.18 833.38 657.18
2 713.56 930.06 765.56 963.06
2 763.5 858.97 816.5 890.97
2 202.5 713.32 249.5 741.32
2 307.42 841.99 342.42 875.99
2 403.54 826.98 438.54 846.98
2 516.33 447.01 553.33 470.01
2 529.78 200.45 564.78 223.45
2 649.25 450.25 673.25 468.25
2 713.06 623.49 744.06 642.49
2 587.04 951.19 621.04 998.19
2 594.73 897.21 654.73 932.21
2 908.74 919.25 948.74 975.25
2 966.18 819.55 982.18 843.55
2 390.14 184.58 425.14 206.58
2 495.45 37.38 534.45 61.38
2 292.4 60.3 315.4 78.3
2 646.23 300.09 675.23 318.09
2 249.16 767.33 278.16 816.33
2 355.59 936.26 408.59 988.26
2 304.31 333.97 385.31 413.97
2 380.51 280.23 458.51 351.23
2 971.12 962.0 1015.12 1006.0
2 462.17 348.22 518.17 405.22
2 799.51 451.76 818.51 470.76
2 770.54 488.23 800.54 515.23
2 721.51 251.99 748.51 276.99
2 794.53 324.22 822.53 350.22
2 826.57 746.35 853.57 773.35
2 882.54 643.5 916.54 677.5
2 844.39 484.19 864.39 505.19
2 862.46 446.32 877.46 458.32
2 754.58 365.1 778.58 384.1
2 871.52 579.25 895.52 607.25
2 496.07 952.02 541.07 999.02
2 444.17 905.49 512.17 956.49
2 485.21 720.98 549.21 779.98
2 130.45 160.53 172.45 183.53
2 677.39 560.31 726.39 588.31
2 590.65 113.44 613.65 140.44
2 147.54 678.25 176.54 723.25
2 539.37 142.47 556.37 174.47
2 511.34 145.61 533.34 179.61
2 267.58 493.94 334.58 527.94
2 567.36 551.47 623.36 596.47
2 962.22 407.63 989.22 432.63
2 789.53 675.47 820.53 703.47
2 941.51 768.5 981.51 807.5
2 993.98 816.15 1024.98 849.15
2 600.5 369.38 631.5 400.38
2 410.06 226.5 445.06 261.5
2 480.52 181.23 501.52 201.23
2 939.29 126.43 961.29 149.43
2 715.1 411.52 740.1 436.52
2 892.53 733.15 923.53 759.15
2 976.64 619.11 1002.64 643.11
2 696.27 982.93 723.27 1017.93
2 744.3 996.37 762.3 1022.37
2 782.57 887.29 820.57 924.29
2 421.84 94.38 448.84 121.38
2 654.37 198.43 681.37 225.43
2 976.48 694.11 997.48 714.11
2 714.62 346.38 748.62 370.38
1 269.64 463.02 285.64 480.02
1 266.04 391.52 281.04 403.52
1 253.01 114.35 272.01 132.35
1 274.51 21.58 287.51 35.58
1 455.2 94.62 471.2 108.62
1 508.63 68.1 529.63 88.1
1 587.47 147.36 597.47 157.36
1 558.39 175.97 581.39 198.97
1 616.62 254.14 633.62 270.14
1 639.29 318.0 654.29 333.0
1 691.51 307.0 709.51 324.0
1 567.4 389.32 599.4 420.32
1 639.3 482.05 662.3 505.05
1 655.61 511.56 678.61 532.56
1 606.21 485.5 621.21 506.5
1 755.35 393.02 786.35 429.02
1 708.39 209.95 731.39 231.95
1 695.39 186.48 713.39 211.48
1 729.16 171.79 747.16 184.79
1 745.33 114.14 758.33 123.14
1 785.29 118.11 802.29 135.11
1 840.43 141.6 859.43 157.6
1 896.53 162.43 922.53 189.43
1 900.29 191.38 920.29 211.38
1 855.49 199.77 884.49 220.77
1 838.11 219.33 852.11 229.33
1 872.46 231.41 894.46 250.41
1 834.36 255.25 848.36 270.25
1 853.42 263.51 880.42 290.51
1 957.29 187.18 976.29 202.18
1 986.4 197.43 1004.4 216.43
1 975.83 226.9 995.83 241.9
1 984.73 246.97 1002.73 264.97
1 837.69 82.49 856.69 101.49
1 681.52 47.98 703.52 78.98
1 700.16 21.95 716.16 35.95
1 876.09 25.3 901.09 44.3
1 720.71 327.31 743.71 341.31
1 739.5 306.96 757.5 320.96
1 977.71 117.39 994.71 135.38
1 964.6 87.29 979.6 101.29
1 928.62 28.37 945.62 46.37
1 986.2 -0.82 1009.2 16.18
1 886.57 344.51 910.57 369.51
1 845.45 379.29 861.45 396.29
1 809.76 378.44 829.76 398.44
1 699.13 353.12 715.13 368.12
1 706.5 512.35 732.5 540.35
1 683.6 458.69 704.6 498.69
1 801.11 564.0 815.11 578.0
1 882.43 542.49 905.43 565.49
1 910.66 524.19 931.66 545.19
1 857.66 703.28 884.66 729.28
1 764.35 665.49 791.35 690.49
1 772.39 635.38 795.39 655.38
1 813.71 688.68 833.71 710.68
1 950.18 713.15 966.18 730.15
1 938.68 671.36 959.68 691.36
1 980.59 600.51 1004.59 625.51
1 998.35 573.49 1023.35 596.49
1 1002.16 430.62 1014.16 442.62
1 321.33 701.02 338.33 717.02
1 119.6 730.16 136.6 747.16
1 343.22 896.34 358.22 912.34
1 267.67 905.47 290.67 926.47
1 165.68 940.49 186.68 961.49
1 457.34 892.1 476.34 909.1
1 740.39 811.49 763.39 834.49
1 646.23 748.17 668.23 771.17
1 808.24 928.04 828.24 950.04
1 769.24 995.14 782.24 1010.14
1 918.51 827.39 932.51 841.39
1 912.43 773.54 928.43 788.54
1 989.74 756.65 1012.74 780.65
1 992.14 740.83 1006.14 753.83
1 306.62 253.34 321.62 269.34
1 94.47 355.5 110.47 372.5
1 67.98 43.47 84.98 58.47
1 610.33 577.14 643.33 612.14
1 905.04 411.35 941.04 440.35
1 819.97 341.51 841.97 363.51
1 902.51 256.04 918.51 272.04
1 507.51 312.26 543.51 358.26
