0 440.47 65.03 543.47 132.03
0 585.25 231.09 659.25 299.09
0 443.3 405.15 525.3 458.15
0 388.0 754.27 456.0 801.27
0 406.47 827.29 445.47 869.29
0 522.2 966.69 565.2 1025.69
0 659.4 932.04 756.4 994.04
0 752.52 951.83 817.52 1007.83
0 939.62 920.07 990.62 997.07
0 740.06 753.28 852.06 829.28
0 578.26 653.34 657.26 710.34
0 650.25 567.27 747.25 634.27
0 679.25 482.43 757.25 536.43
0 639.14 411.39 700.14 463.39
0 848.62 386.31 910.62 443.31
0 881.53 292.12 951.53 361.12
0 803.56 135.25 906.56 234.25
0 715.11 48.32 777.11 89.32
0 626.36 94.12 671.36 143.12
0 587.84 151.39 629.84 188.39
0 853.33 549.07 925.33 629.07
0 977.29 645.1 1011.29 699.1
0 995.1 14.31 1025.1 62.31
0 927.32 429.17 978.32 487.17
2 312.17 260.2 380.17 328.2
2 459.44 546.29 510.44 598.29
2 442.2 677.44 495.2 730.44
2 641.48 683.02 762.48 805.02
2 763.44 585.87 893.44 716.87
2 811.61 868.12 908.61 966.12
2 893.31 706.11 986.31 801.11
2 653.55 302.12 746.55 395.12
2 804.27 378.25 864.27 438.25
2 719.31 388.34 766.31 436.34
2 671.66 139.31 737.66 205.31
2 731.1 83.02 783.1 136.02
2 823.35 275.38 877.35 331.38
2 743.02 2.18 819.02 78.18
2 977.56 239.03 1007.56 269.03
2 816.57 511.21 859.57 554.21
2 776.17 436.09 830.17 466.09
2 954.55 184.47 1013.55 226.47
2 981.31 364.94 1016.31 421.94
2 347.42 390.43 411.42 427.43
2 577.65 946.49 659.65 999.49
2 874.39 166.16 926.39 217.16
1 555.23 316.1 578.23 341.1
1 281.03 717.4 309.03 747.4
1 578.07 780.07 590.07 792.07
1 579.27 899.11 603.27 923.11
1 611.57 221.65 643.57 251.65
1 582.56 155.32 606.56 181.32
1 471.56 122.13 503.56 142.13
1 471.56 122.13 503.56 142.13
1 888.05 280.01 914.05 306.01
1 793.02 591.34 830.02 628.34
1 637.11 547.5 658.11 568.5
