0 441.07 834.01 497.07 910.01
0 387.08 615.56 451.08 688.56
0 283.63 955.95 336.63 1023.95
0 184.28 552.0 268.28 608.0
0 177.09 555.6 213.09 630.6
0 126.33 517.36 167.33 575.36
0 204.23 379.97 277.23 473.97
0 248.35 520.32 277.35 556.32
0 283.67 877.99 324.67 921.99
0 295.07 835.35 317.07 876.35
0 254.55 855.46 279.55 867.46
0 505.07 788.98 540.07 832.98
0 499.68 782.06 535.68 818.06
0 587.05 602.48 644.05 689.48
0 673.57 610.48 706.57 671.48
0 330.39 387.21 397.39 424.21
0 358.46 468.25 437.46 515.25
0 926.17 662.0 988.17 694.0
0 945.58 620.0 970.58 668.0
0 528.73 203.46 561.73 230.46
0 930.1 197.56 970.1 264.56
0 699.13 103.62 724.13 141.62
0 713.76 140.5 753.76 161.5
0 975.58 753.47 1002.58 802.47
0 980.56 67.56 1019.56 142.56
0 740.51 833.66 767.51 874.66
0 992.97 576.39 1025.97 602.39
0 918.57 533.99 939.57 568.99
0 762.41 601.31 801.41 619.31
0 472.59 434.54 507.59 460.54
2 939.6 883.94 993.6 935.94
2 783.12 925.0 838.12 988.0
2 599.73 937.9 623.73 957.9
2 569.16 893.48 607.16 931.48
2 728.5 783.73 762.5 819.73
2 789.16 663.51 825.16 699.51
2 879.73 581.99 920.73 613.99
2 327.11 692.35 379.11 752.35
2 80.63 918.33 109.63 949.33
2 447.07 223.25 491.07 271.25
2 575.71 385.49 644.71 454.49
2 589.07 364.99 697.07 472.99
2 510.15 389.01 545.15 424.01
2 543.72 265.02 576.72 298.02
2 486.73 470.51 517.73 501.51
2 674.77 576.03 701.77 603.03
2 902.3 412.5 928.3 438.5
2 505.21 109.97 540.21 144.97
2 302.7 235.98 335.7 268.98
2 2.24 267.49 28.24 294.49
2 66.53 578.54 100.53 613.54
2 161.08 639.69 186.08 665.69
2 353.07 603.01 386.07 637.01
2 307.6 423.87 352.6 467.87
2 343.41 533.02 383.41 575.02
2 35.55 795.23 60.55 829.23
2 833.63 621.48 880.63 664.48
2 33.72 951.07 64.72 981.07
1 240.11 36.11 256.11 52.11
1 204.65 54.97 221.65 70.97
1 148.67 87.49 169.67 110.49
1 199.73 93.01 224.73 115.01
1 139.61 15.52 156.61 30.52
1 102.61 135.56 117.61 150.56
1 309.75 310.48 338.75 335.48
1 375.25 241.0 399.25 267.0
1 -0.17 29.52 10.84 40.52
1 44.68 92.99 65.68 114.99
1 306.63 23.52 327.63 44.52
1 276.51 73.19 300.51 96.19
1 423.23 156.97 445.23 178.97
1 479.11 37.53 496.11 57.53
1 442.63 7.89 460.63 26.89
1 154.68 152.01 175.68 174.01
1 229.13 220.47 249.13 241.47
1 72.56 264.53 90.56 282.53
1 422.73 300.02 449.73 328.02
1 505.61 268.22 527.61 299.22
1 327.62 260.07 348.62 272.07
1 152.44 369.04 166.44 383.04
1 252.48 326.15 270.48 354.15
1 631.84 99.66 653.84 121.66
1 384.5 173.5 401.5 190.5
1 400.5 159.5 417.5 176.5
1 757.23 255.02 787.23 285.02
1 832.71 294.96 857.71 320.96
1 686.22 138.41 710.22 167.41
1 665.19 74.0 693.19 102.0
1 482.16 69.11 514.16 105.11
1 583.78 24.01 626.78 48.01
1 880.62 108.84 905.62 138.84
1 582.19 190.99 618.19 226.99
1 468.16 275.13 492.16 307.13
1 377.69 360.41 397.69 379.41
1 423.47 348.98 437.47 366.98
1 469.44 325.27 487.44 349.27
1 496.55 351.08 516.55 370.08
1 435.49 394.43 457.49 412.43
1 514.19 342.23 532.19 355.23
1 622.37 352.52 641.37 367.52
1 914.18 310.14 932.18 323.14
1 934.27 295.19 953.27 310.19
1 974.44 331.31 990.44 343.31
1 944.5 374.93 964.5 388.93
1 862.25 193.13 873.25 208.13
1 809.46 181.34 827.46 197.34
1 835.53 155.57 849.53 173.57
1 652.61 141.25 665.61 157.25
1 915.35 230.4 925.35 244.4
1 775.41 569.03 785.41 583.03
1 586.59 481.23 599.59 493.23
1 770.69 359.36 784.69 371.36
1 721.52 486.36 735.52 504.36
1 753.35 494.33 770.35 508.33
1 790.05 491.44 800.05 499.44
1 521.54 566.57 543.54 589.57
1 512.49 654.03 532.49 671.03
1 707.65 728.92 726.65 752.92
1 802.25 579.49 838.25 606.49
1 537.18 673.96 567.18 707.96
1 592.26 792.51 618.26 817.51
1 479.72 690.03 504.72 710.03
1 488.18 907.57 506.18 930.57
1 345.74 779.53 372.74 800.53
1 331.25 567.53 355.25 586.53
1 295.67 503.53 316.67 532.53
1 142.68 509.13 185.68 550.13
1 58.67 491.25 77.67 507.25
1 140.45 437.28 159.45 455.28
1 84.17 403.46 104.17 423.46
1 69.17 426.33 85.17 442.33
1 237.26 409.0 263.26 435.0
1 13.67 506.52 29.67 522.52
1 301.71 607.49 322.71 628.49
1 131.6 808.07 151.6 827.07
1 211.23 728.0 233.23 750.0
1 264.07 909.39 280.07 942.39
1 342.21 919.0 362.21 939.0
1 159.7 873.5 177.7 891.5
1 300.09 735.04 318.09 753.04
1 212.24 700.96 227.24 715.96
1 555.26 981.0 581.26 1007.0
1 623.64 969.5 642.64 988.5
1 654.5 995.5 671.5 1012.5
1 908.14 974.0 920.14 986.0
1 719.19 882.0 747.19 910.0
1 599.21 830.0 619.21 850.0
1 626.69 827.51 645.69 846.51
1 117.73 749.49 144.73 776.49
1 941.6 760.51 960.6 779.51
1 879.16 862.01 895.16 878.01
1 936.27 813.0 958.27 835.0
1 928.12 861.0 942.12 875.0
