0 123.75 30.2 151.75 67.2
0 150.77 154.24 192.77 204.24
0 241.36 129.18 286.36 178.18
0 -3.36 509.95 66.64 573.95
0 75.1 616.24 152.1 648.24
0 298.36 768.99 322.36 807.99
0 312.17 514.97 383.17 572.97
0 640.63 938.04 779.63 1020.04
0 649.57 177.33 691.57 242.33
0 567.37 801.32 589.37 839.32
0 29.32 917.43 65.32 934.43
0 12.35 14.4 55.35 49.4
0 58.25 242.33 102.25 285.33
2 300.15 720.92 339.15 756.92
2 530.47 452.06 564.47 486.06
2 821.26 768.63 862.26 810.63
2 643.19 646.17 668.19 673.17
2 765.47 467.51 825.47 508.51
2 743.67 558.17 871.67 659.17
2 726.21 672.2 771.21 717.2
2 458.69 911.19 531.69 977.19
2 337.82 984.14 375.82 1016.14
2 380.25 475.16 404.25 500.16
2 276.95 346.62 309.95 374.62
2 912.37 665.05 944.37 702.05
2 828.2 981.28 866.2 1018.28
2 305.06 831.21 353.06 879.21
2 584.37 531.1 648.37 591.1
2 693.67 531.29 724.67 561.29
2 628.36 257.82 664.36 295.82
1 129.23 241.45 149.23 262.45
1 150.4 258.13 173.4 276.13
1 163.63 284.45 191.63 323.45
1 112.55 128.98 138.55 154.98
1 100.41 460.58 126.41 495.58
1 88.28 492.76 99.28 502.76
1 78.58 442.3 100.58 461.3
1 189.61 491.36 222.61 517.36
1 27.35 840.17 51.35 859.17
1 91.45 740.01 111.45 761.01
1 52.17 651.37 73.17 670.37
1 221.62 687.23 237.62 706.23
1 451.48 645.06 478.48 671.06
1 389.64 125.17 433.64 167.17
1 459.4 315.24 482.4 342.24
1 684.32 392.56 699.32 411.56
1 615.51 453.48 647.51 477.48
1 702.21 341.5 719.21 359.5
1 782.53 199.15 802.53 221.15
1 766.37 257.73 787.37 277.73
1 814.36 431.0 845.36 463.0
1 730.34 585.43 745.34 602.43
1 929.45 200.21 946.45 223.21
1 739.38 311.24 777.38 359.24
1 594.21 688.96 621.21 717.96
1 542.32 865.28 568.32 888.28
1 67.18 785.37 87.18 812.37
1 111.39 678.38 127.39 690.38
1 375.55 627.46 392.55 644.46
1 473.08 869.12 496.08 893.12
1 397.02 420.15 407.02 431.15
1 781.44 408.96 802.44 434.96
1 790.43 371.35 822.43 395.35
1 837.5 403.0 856.5 417.0
1 562.66 661.15 579.66 680.15
1 568.47 960.46 589.47 981.46
1 423.47 463.43 443.47 484.43
1 870.01 712.99 893.01 744.99
1 952.22 788.02 974.22 810.02
1 935.1 861.48 964.1 902.48
1 895.16 821.48 938.16 854.48
1 992.25 974.04 1018.25 999.04
1 986.7 935.55 1004.7 954.55
1 870.66 977.1 884.66 993.1
1 783.77 983.98 813.77 1005.98
1 903.12 918.51 916.12 930.51
1 790.49 759.95 810.49 773.95
1 207.61 590.17 239.61 613.17
1 826.31 31.17 860.31 58.17
1 881.45 626.69 908.45 657.69
1 292.03 595.23 321.03 617.23
1 377.41 589.27 401.41 607.27
1 545.48 158.27 570.48 185.27
1 651.56 293.36 677.56 318.36
1 263.97 519.97 298.97 555.97
1 433.31 547.91 450.31 568.91
1 986.14 481.93 1002.14 507.93
1 952.19 626.94 977.19 658.94
1 489.32 620.19 516.32 648.19
1 11.36 323.0 41.36 359.0
1 610.99 234.16 625.99 258.16
1 574.49 245.62 597.49 266.62
1 575.39 754.13 588.39 769.13
