0 769.05 581.25 883.05 652.25
0 292.52 102.4 358.52 172.4
0 568.42 23.23 662.42 106.23
0 388.27 338.19 521.27 479.19
0 1001.28 393.76 1026.28 469.76
0 338.8 732.96 374.8 762.96
2 24.29 988.41 120.29 1010.41
2 226.03 664.18 250.03 761.18
2 312.05 592.13 332.05 645.13
2 389.16 685.39 427.16 725.39
2 689.65 511.23 725.65 547.23
2 665.57 326.0 729.57 390.0
2 495.48 788.39 530.48 822.39
2 629.23 415.95 656.23 484.95
2 657.57 220.0 686.57 296.0
2 856.02 795.18 891.02 830.18
2 8.39 118.2 203.38 151.2
2 324.23 163.32 599.23 199.32
1 808.34 20.96 918.34 130.96
1 737.22 353.59 759.22 375.59
1 289.35 531.28 312.35 554.28
1 322.46 485.11 348.46 512.11
1 422.76 585.35 438.76 601.35
1 367.33 925.19 402.33 960.19
1 154.58 953.09 180.58 979.09
1 119.66 886.47 147.66 912.47
1 107.46 870.45 130.46 889.45
1 486.67 896.94 505.67 914.94
1 447.21 841.75 465.21 856.75
1 790.39 839.23 811.39 862.23
1 643.37 829.85 655.37 840.85
1 268.54 1001.05 286.54 1019.05
1 166.74 906.85 189.74 927.85
1 823.17 480.25 841.17 501.25
1 880.5 443.27 901.5 463.27
1 678.32 796.4 695.32 814.4
1 786.13 302.27 802.13 319.27
1 919.33 209.48 934.33 225.48
1 982.16 154.41 1002.16 172.41
1 962.74 8.58 978.74 23.58
1 543.36 3.81 559.36 18.81
1 786.69 244.47 801.69 259.47
1 392.33 276.5 405.33 287.5
1 871.21 541.75 889.21 556.75
1 587.4 88.66 603.4 108.66
1 564.71 473.02 587.71 495.02
1 642.17 738.14 662.17 759.14
1 171.14 99.44 185.14 127.44
1 748.73 34.17 771.73 59.17
1 85.65 793.27 102.65 809.27
