0 696.57 1070.05 824.57 1192.05
0 854.02 1113.0 922.02 1254.0
0 956.52 1503.52 1086.52 1700.52
0 585.63 1299.49 719.63 1391.49
0 1705.13 1064.47 1793.13 1131.47
0 1247.54 1505.48 1314.54 1632.48
0 876.59 1327.47 971.59 1426.47
0 597.11 1409.51 825.11 1560.51
0 265.56 1404.5 457.56 1550.5
0 429.17 350.99 489.17 407.99
0 956.58 252.59 1011.58 314.59
0 1029.15 718.48 1116.15 760.48
0 955.62 1125.98 1045.62 1186.98
0 271.62 805.48 358.62 868.48
0 1823.63 410.59 1890.63 477.59
0 1551.05 1313.01 1719.05 1465.01
0 1348.6 1227.03 1492.6 1317.03
0 1278.57 1270.51 1430.57 1375.51
0 1165.62 1254.51 1285.62 1334.51
0 1426.1 1408.48 1589.1 1543.48
0 1591.14 1489.04 1694.14 1592.04
0 1535.2 1226.98 1648.2 1295.98
0 1706.55 1297.5 1890.55 1462.5
0 476.12 1189.52 571.12 1246.52
0 46.08 1011.48 131.08 1118.48
0 1428.05 86.49 1482.05 189.49
2 1487.67 937.05 1560.67 1010.05
2 1381.65 852.02 1435.65 906.02
2 649.6 757.51 691.6 799.51
2 374.1 945.49 466.1 1037.49
2 147.65 476.0 221.65 550.0
2 465.22 840.0 534.22 909.0
2 171.61 1002.5 269.61 1100.5
2 1554.16 864.01 1614.16 924.01
2 1740.18 586.52 1797.18 643.52
2 158.1 84.52 256.1 182.52
2 503.61 182.5 600.61 279.5
2 1528.61 508.5 1612.61 592.5
2 906.23 555.5 1002.23 584.5
2 537.23 713.0 591.23 730.0
2 444.52 444.0 473.52 543.0
2 171.28 569.01 291.28 607.01
2 569.72 974.01 648.72 1000.01
2 843.26 949.01 921.26 974.01
2 678.56 950.95 698.56 1016.95
2 378.27 648.01 435.27 666.01
2 1406.55 302.99 1443.55 419.99
2 51.21 1299.48 177.21 1340.48
2 135.15 1428.5 282.15 1475.5
2 431.61 1613.5 552.61 1656.5
2 1431.04 1493.96 1470.04 1613.96
2 1884.07 1482.02 1911.07 1566.02
2 1352.04 1169.94 1384.04 1268.94
2 159.19 859.5 228.19 880.5
2 18.52 1130.98 56.52 1259.98
2 -1.18 1406.98 28.82 1529.98
1 1.67 123.02 73.67 195.02
1 124.06 179.47 170.06 225.47
1 306.61 69.51 347.61 110.51
1 216.2 7.5 252.2 43.5
1 463.17 32.52 500.17 69.52
1 275.08 339.51 322.08 386.51
1 91.11 363.5 146.11 419.5
1 618.62 374.02 659.62 415.02
1 831.73 169.99 863.73 201.99
1 859.11 9.5 914.11 65.5
1 1012.19 33.98 1043.19 64.98
1 1038.15 56.46 1101.15 120.46
1 1174.71 121.5 1240.71 187.5
1 1031.6 239.49 1077.6 285.49
1 934.1 347.0 1028.1 442.0
1 654.08 387.01 738.08 471.01
1 787.55 430.5 868.55 511.5
1 913.1 497.52 956.1 540.52
1 598.12 551.01 695.12 649.01
1 491.19 589.99 553.19 651.99
1 417.2 571.49 489.2 643.49
1 839.59 737.51 930.59 828.51
1 732.16 767.98 771.16 806.98
1 694.59 803.5 736.59 846.5
1 1032.61 826.98 1073.61 867.98
1 1114.62 811.5 1171.62 868.5
1 1161.53 762.53 1211.53 812.53
1 1108.59 575.5 1150.59 618.5
1 1149.12 632.5 1188.12 672.5
1 1282.16 548.5 1340.16 606.5
1 1241.71 479.5 1266.71 504.5
1 1152.0 330.0 1200.0 378.0
1 1241.09 299.03 1285.09 343.03
1 1251.61 238.98 1298.61 285.98
1 1249.67 139.51 1282.67 172.51
1 1529.08 78.51 1576.08 125.51
1 1600.1 215.52 1643.1 258.52
1 1564.19 192.98 1595.19 223.98
1 1707.06 98.99 1752.06 143.99
1 1774.63 71.49 1840.63 138.49
1 1819.12 194.0 1874.12 250.0
1 1576.65 340.49 1639.65 403.49
1 1692.14 465.0 1752.14 525.0
1 1473.08 693.99 1527.08 748.99
1 1381.61 689.48 1429.61 738.48
1 1264.17 696.99 1334.17 766.99
1 937.11 1005.99 1013.11 1081.99
1 446.08 1053.48 526.08 1133.48
1 97.6 874.51 139.6 916.51
1 140.59 782.48 189.59 831.48
1 280.17 712.01 341.17 773.01
1 437.67 1256.01 504.67 1324.01
1 1020.09 1340.49 1128.09 1449.49
1 1101.53 1029.53 1151.53 1079.53
1 1217.55 993.97 1299.55 1075.97
1 1285.65 937.49 1348.65 1000.49
1 1309.23 1097.51 1340.23 1128.51
1 1616.67 977.49 1647.67 1008.49
1 1647.61 1005.49 1703.61 1061.49
1 1771.59 951.0 1822.59 1002.0
1 1788.62 892.98 1829.62 933.98
1 1709.11 803.0 1759.11 853.0
1 1557.54 704.01 1646.54 793.01
1 1810.12 638.0 1865.12 694.0
1 1874.6 659.51 1920.6 705.51
1 1884.07 535.53 1929.07 580.53
1 1978.8 346.0 2051.8 440.0
1 1855.58 803.48 1975.58 924.48
1 1762.1 1577.48 1805.1 1620.48
1 1900.2 1613.5 1934.2 1647.5
1 1213.1 1649.51 1262.1 1698.51
1 1155.2 1651.5 1191.2 1687.5
1 1243.6 412.51 1285.6 454.51
1 586.15 198.98 629.15 241.98
1 1376.24 645.5 1402.24 671.5
1 642.59 866.01 689.59 913.01
