0 405.78 871.0 567.78 951.0
0 850.17 651.93 877.17 711.93
0 917.99 959.75 975.99 990.75
0 673.04 910.92 694.04 953.92
0 677.15 625.2 745.15 665.2
0 296.23 597.17 337.23 666.17
0 353.13 340.72 408.13 365.72
0 974.87 330.27 1024.87 407.27
0 726.58 -3.21 854.58 54.79
0 550.02 100.89 628.02 159.89
2 790.84 527.7 827.84 565.7
2 787.82 683.81 809.82 705.81
2 638.25 785.0 650.25 807.0
2 75.9 699.76 166.9 780.76
2 728.02 866.91 836.02 980.91
2 591.08 409.64 626.08 432.64
2 -2.61 503.95 24.39 532.95
2 766.07 130.87 796.07 160.87
2 38.09 23.94 63.09 48.94
2 530.04 666.87 633.04 700.87
1 304.19 721.19 313.19 730.19
1 398.86 681.7 407.86 690.7
1 170.19 675.14 181.19 686.14
1 94.8 958.73 107.8 971.73
1 415.09 405.04 430.09 420.04
1 129.01 64.86 145.01 80.86
1 783.98 330.81 798.98 345.81
1 797.17 753.05 810.17 766.05
1 589.73 71.6 601.73 83.6
