0 406.74 318.03 516.74 377.03
0 219.32 111.0 275.32 143.0
0 731.12 10.96 759.12 55.96
0 -2.45 906.99 39.55 939.99
0 950.8 336.74 1023.8 472.74
0 73.22 116.97 130.22 155.97
0 358.67 170.62 385.67 217.62
0 -3.7 226.07 45.3 285.07
0 592.86 806.83 629.86 826.83
0 596.32 758.75 653.32 789.75
0 240.49 948.07 262.49 975.07
0 880.8 61.64 908.8 76.64
2 670.14 738.78 697.14 767.78
2 437.59 771.89 454.59 788.89
2 678.0 83.5 736.0 143.5
2 736.04 147.89 754.04 163.89
2 138.27 90.4 174.27 117.4
2 232.93 688.01 252.93 719.01
2 944.77 826.73 970.77 845.73
1 294.16 285.07 311.16 302.07
1 65.0 620.76 86.0 641.76
1 1007.25 673.0 1024.25 690.0
1 777.33 449.16 796.33 468.16
1 858.05 29.89 879.05 50.89
1 227.18 928.0 246.18 947.0
