0 357.02 441.92 429.02 480.92
0 34.86 372.14 98.86 505.14
0 243.96 566.17 322.96 603.17
0 206.08 976.23 224.08 1010.23
0 938.68 629.85 970.68 648.85
0 26.06 860.66 48.06 881.66
0 158.2 390.21 184.2 420.21
0 702.7 -0.77 733.7 42.23
0 948.99 42.1 1006.99 79.1
0 433.12 -3.68 615.12 36.33
2 574.67 247.44 644.67 302.44
2 762.73 -3.59 856.73 62.41
2 932.89 326.94 972.89 381.94
2 983.28 213.72 1015.28 241.72
2 958.19 391.63 986.19 417.63
2 207.4 380.24 236.4 408.24
2 326.19 160.89 344.19 192.89
2 78.17 189.73 103.17 199.73
1 945.05 593.89 963.05 611.89
1 971.87 862.8 985.87 876.8
1 88.23 707.54 102.23 722.54
1 213.05 592.93 227.05 606.93
1 87.05 144.8 110.05 167.8
1 168.91 44.77 181.91 57.77
1 125.09 42.38 138.09 56.38
1 727.78 271.6 742.78 286.6
