0 202.63 265.75 250.63 316.75
0 258.11 328.83 344.11 385.83
0 253.33 362.8 283.33 389.8
0 453.94 181.5 523.94 225.5
0 485.05 250.16 512.05 282.16
0 168.28 490.93 202.28 522.93
0 51.26 462.96 98.26 523.96
0 450.1 464.24 480.1 494.24
0 363.14 480.87 389.14 512.87
0 44.85 558.99 67.85 588.99
0 19.02 540.09 47.02 573.09
0 145.33 744.78 166.33 770.78
0 475.72 675.87 497.72 698.87
0 308.27 753.16 326.27 774.16
0 171.72 635.56 191.72 664.56
0 460.98 921.86 489.98 941.86
0 390.02 954.03 408.02 974.03
0 252.54 979.6 270.54 997.6
0 213.33 736.08 240.33 761.08
0 179.97 684.74 194.97 704.74
0 203.09 617.99 222.09 640.99
0 244.95 457.02 288.95 503.02
0 420.08 477.97 439.08 498.97
0 450.39 363.21 474.39 392.21
0 431.21 293.03 450.21 324.03
0 834.79 50.93 888.79 96.93
0 697.77 116.88 741.77 147.88
0 659.88 82.76 688.88 120.76
0 670.16 141.94 707.16 179.94
0 557.75 109.73 603.75 187.73
0 621.92 141.96 656.92 181.96
0 603.87 339.86 629.87 363.86
0 662.76 336.9 694.76 365.9
0 605.21 298.66 625.21 327.66
0 767.85 447.31 790.85 469.31
0 891.01 -2.5 945.01 37.5
0 580.31 223.7 605.31 252.7
0 541.87 517.64 576.87 545.64
0 575.96 439.03 609.96 467.03
0 925.7 145.59 947.7 175.59
0 574.79 570.92 598.79 599.92
0 589.85 864.07 615.85 895.07
0 819.9 695.71 848.9 729.71
0 544.18 959.57 568.18 980.57
0 850.01 672.89 880.01 694.89
0 632.97 407.89 650.97 427.89
0 694.23 446.86 718.23 465.86
0 662.15 450.09 681.15 468.09
0 966.79 639.49 990.79 665.49
0 716.85 650.4 742.85 667.4
0 858.56 480.7 877.56 502.7
0 823.26 870.97 844.26 895.97
0 91.27 921.94 108.27 940.94
0 102.76 959.01 124.76 979.01
0 89.18 994.98 109.18 1017.98
0 106.69 611.05 130.69 634.05
0 212.26 545.88 238.26 565.88
0 491.18 418.05 506.18 434.05
0 406.99 639.93 429.99 659.93
0 281.37 995.11 308.37 1011.11
0 678.08 951.86 698.08 969.86
0 707.32 88.2 730.32 109.2
0 547.82 1003.79 568.82 1021.79
0 515.21 328.01 536.21 350.01
0 954.12 757.18 974.12 779.18
0 873.11 764.63 891.11 781.63
0 727.0 769.22 745.0 787.22
0 739.04 953.92 755.04 970.92
0 331.36 523.25 354.36 546.25
2 387.69 206.25 405.69 251.25
2 392.06 303.06 408.06 347.06
2 417.81 404.06 430.81 440.06
2 372.11 416.04 386.11 457.04
2 153.29 404.94 216.29 416.94
2 131.39 312.98 142.39 391.98
2 183.97 414.96 195.97 445.96
2 291.11 395.0 300.11 419.0
2 266.2 432.07 278.2 464.07
2 186.72 787.61 212.72 798.61
2 184.25 960.62 212.25 971.62
2 385.31 898.54 414.31 910.54
2 831.02 141.93 846.02 180.93
2 859.51 196.97 874.51 233.97
2 885.29 266.52 921.29 278.52
2 744.15 397.93 753.15 425.93
2 857.76 421.85 868.76 453.85
2 837.64 451.74 855.64 461.74
2 619.34 105.99 662.34 121.99
2 995.16 20.0 1006.16 51.0
2 913.81 501.91 924.81 529.91
2 709.88 701.95 723.88 738.95
2 943.2 828.84 953.2 856.84
2 796.1 924.87 806.1 951.87
2 629.82 533.88 651.82 543.88
2 526.84 588.4 556.84 601.4
2 666.31 431.98 693.31 441.98
2 937.21 219.18 966.21 229.18
2 932.2 196.92 940.2 218.92
2 488.23 321.59 516.23 332.59
2 463.25 359.67 492.25 370.67
2 550.22 325.03 561.22 356.03
2 504.64 361.04 514.64 380.04
2 666.14 387.5 676.14 408.5
2 479.21 393.6 496.21 402.6
2 463.97 985.05 474.97 1012.05
2 953.23 691.11 1005.23 743.11
2 781.83 818.62 815.83 852.62
2 767.87 766.09 800.87 798.09
2 648.64 614.47 690.64 655.47
2 696.16 387.61 726.16 417.61
2 790.23 244.73 836.23 290.73
2 507.02 221.97 580.02 291.97
2 364.75 749.04 408.75 791.04
2 274.36 658.94 315.36 699.94
2 313.16 566.19 347.16 599.19
2 348.12 639.75 371.12 663.75
2 22.02 829.2 64.02 870.2
2 94.06 556.13 127.06 588.13
2 56.62 356.65 120.62 417.65
2 101.0 406.18 152.0 456.18
2 165.09 321.1 230.09 383.1
2 331.81 222.46 395.81 287.46
2 341.23 382.72 401.23 440.72
2 763.0 70.55 798.0 107.55
1 982.19 1004.05 993.19 1015.05
1 779.73 1005.66 792.73 1018.66
1 986.18 231.42 1008.18 255.42
1 903.11 332.11 911.11 340.11
1 603.26 380.74 617.26 395.74
1 1003.32 140.19 1020.32 157.19
1 628.83 484.95 638.83 494.95
1 958.0 262.12 972.0 276.12
1 789.78 507.57 803.78 522.57
1 949.68 961.33 962.68 975.33
1 606.19 977.05 617.19 988.05
1 618.92 330.02 626.92 337.02
1 45.92 923.45 58.92 937.45
1 156.18 851.99 169.18 864.99
1 265.21 740.0 276.21 752.0
1 239.22 764.0 253.22 779.0
1 416.77 810.03 429.77 823.03
1 189.12 540.97 200.12 551.97
1 451.0 432.1 463.0 444.1
1 372.27 616.92 385.27 630.92
1 326.89 802.93 343.89 819.93
1 82.94 875.64 99.94 892.64
1 505.89 527.97 515.89 537.97
1 523.25 849.19 539.25 865.19
1 973.49 550.65 986.49 563.65
1 840.75 766.95 854.75 780.95
1 700.07 866.88 718.07 884.88
