0 774.49 742.16 860.49 799.16
0 615.5 693.06 667.5 755.06
0 758.47 862.99 816.47 932.99
0 805.09 860.41 887.09 910.41
0 741.43 950.29 832.43 1012.29
0 618.12 938.42 698.12 1012.42
0 439.5 953.47 539.5 1018.47
0 238.43 906.49 296.43 948.49
0 382.89 794.56 411.89 841.56
0 336.4 515.43 370.4 571.43
0 937.59 361.43 974.59 410.43
0 813.51 414.26 841.51 460.26
0 849.6 637.98 894.6 685.98
0 692.33 690.21 745.33 723.21
0 33.38 741.93 65.38 789.93
0 989.69 42.94 1024.69 96.94
0 663.25 419.84 706.25 458.84
0 674.47 837.97 712.47 893.97
0 654.64 833.48 749.64 898.48
0 732.38 789.14 758.38 832.14
0 352.61 360.5 383.61 407.5
0 971.33 947.37 1026.33 996.37
0 475.35 393.64 498.35 422.64
0 401.64 66.96 446.64 100.96
0 473.07 830.09 539.07 907.09
2 11.35 959.9 60.35 1026.9
2 881.25 839.43 960.25 940.43
2 710.68 163.5 750.68 204.5
2 730.32 284.17 775.32 329.17
2 589.62 266.34 626.62 304.34
2 463.31 58.36 510.31 107.36
2 428.64 219.18 462.64 254.18
2 486.13 449.49 542.13 506.49
2 608.37 613.78 658.37 664.78
2 526.19 545.06 571.19 591.06
2 271.21 662.5 337.21 729.5
2 143.59 706.31 204.59 768.31
2 276.0 806.59 339.0 870.59
2 116.2 856.26 180.2 921.26
2 946.55 430.21 1008.55 492.21
2 428.4 330.12 461.4 363.12
2 221.41 186.0 256.41 222.0
2 -0.83 155.2 36.17 198.2
2 42.17 276.0 78.17 312.0
2 231.14 9.17 269.14 48.17
2 485.36 582.38 537.36 636.38
2 388.47 893.13 450.47 956.13
2 268.1 483.3 320.1 535.3
2 425.3 861.2 472.3 908.2
2 -1.24 647.53 32.76 688.53
2 879.22 607.83 945.22 650.83
2 607.29 296.93 657.29 329.93
2 987.48 340.28 1023.48 393.28
2 183.56 716.89 212.56 769.89
2 325.32 636.53 360.32 682.53
2 314.76 757.36 348.76 781.36
2 199.39 801.05 250.39 835.05
2 271.08 852.31 296.08 882.31
2 663.76 989.14 712.76 1020.14
2 696.3 537.13 733.3 564.13
2 565.26 391.19 592.26 426.19
2 271.5 268.3 310.5 298.3
2 305.01 125.26 346.01 149.26
1 379.23 277.0 401.23 299.0
1 133.4 470.46 160.4 497.46
1 221.76 433.24 246.76 457.24
1 431.78 454.38 461.78 484.38
1 360.25 458.41 381.25 480.41
1 568.44 495.31 586.44 514.31
1 522.21 251.41 546.21 275.41
1 369.59 139.32 389.59 159.32
1 202.43 54.18 227.43 79.18
1 261.39 26.48 284.39 49.48
1 131.23 189.0 153.23 211.0
1 69.39 194.49 92.39 217.49
1 134.1 105.16 157.1 128.16
1 70.64 -0.72 93.64 14.28
1 265.3 314.5 284.3 333.5
1 235.66 310.15 256.66 331.15
1 169.84 291.59 191.84 313.59
1 200.57 534.32 222.57 556.32
1 69.23 597.0 95.23 623.0
1 70.62 649.0 92.62 671.0
1 54.32 812.07 71.32 829.07
1 156.45 779.32 186.45 810.32
1 590.69 86.5 609.69 105.5
1 762.54 155.63 784.54 177.63
1 814.98 240.88 831.98 257.88
1 815.28 307.66 841.28 333.66
1 844.38 311.34 873.38 339.34
1 923.18 250.3 941.18 268.3
1 938.62 277.0 960.62 299.0
1 987.78 167.67 1013.78 193.67
1 885.22 212.1 907.22 233.1
1 932.45 120.0 953.45 140.0
1 849.71 74.25 878.71 103.25
1 788.05 33.2 815.05 60.2
1 656.12 56.5 683.12 83.5
1 673.12 250.12 698.12 275.12
1 746.17 521.98 766.17 541.98
1 868.56 521.03 894.56 547.03
1 992.73 494.5 1015.73 517.5
1 998.34 782.36 1023.34 808.36
1 500.41 761.3 521.41 781.3
1 266.63 723.85 285.63 742.85
1 9.51 457.23 37.51 485.23
1 68.73 458.5 95.73 485.5
1 12.1 250.0 28.1 266.0
1 4.21 326.18 28.21 351.18
1 194.33 256.15 219.33 281.15
1 187.7 617.23 216.7 645.23
1 565.24 801.0 595.24 831.0
1 479.1 691.51 508.1 720.51
1 442.17 310.28 462.17 331.28
1 851.2 397.03 881.2 427.03
1 739.38 359.88 762.38 382.88
1 872.44 488.5 894.44 511.5
1 958.38 573.0 983.38 599.0
1 754.54 604.5 780.54 631.5
1 167.41 130.26 191.41 155.26
1 40.05 121.2 67.05 148.2
1 894.43 38.18 919.43 63.18
1 496.46 331.49 525.46 360.49
1 612.05 531.8 639.05 558.8
1 514.52 693.0 536.52 715.0
1 537.69 683.5 570.69 716.5
1 51.54 497.14 79.54 524.14
1 34.67 495.3 57.67 519.3
1 144.36 365.98 173.36 393.98
1 196.5 324.98 226.5 354.98
1 574.73 157.87 601.73 184.87
1 754.67 94.34 780.67 120.34
1 817.67 127.08 845.67 154.08
1 854.24 132.0 882.24 160.0
1 764.49 237.28 793.49 265.28
1 770.54 274.09 796.54 299.09
1 932.56 790.36 958.56 816.36
