0 410.44 901.17 461.44 959.17
0 36.75 340.93 76.75 389.93
0 593.28 287.04 639.28 337.04
0 935.42 169.61 964.42 205.61
0 816.45 897.23 860.45 951.23
0 954.23 767.17 983.23 805.17
0 420.18 257.9 458.18 300.9
0 771.14 760.21 812.14 794.21
0 921.11 390.16 951.11 431.16
0 496.55 245.38 535.55 278.38
0 532.4 805.41 585.4 846.41
0 347.4 853.23 392.4 884.23
0 541.42 912.21 589.42 946.21
0 611.26 894.71 649.26 950.71
0 755.5 950.96 788.5 983.96
0 424.68 776.27 464.68 805.27
2 320.27 31.16 371.27 83.16
2 126.13 92.27 178.13 144.27
2 -0.57 161.0 33.43 199.0
2 50.58 228.51 92.58 270.51
2 404.31 32.42 448.31 75.42
2 506.4 40.2 541.4 74.2
2 427.68 178.64 466.68 217.64
2 376.3 447.13 415.3 487.13
2 814.52 479.14 868.52 533.14
2 702.37 519.23 745.37 563.23
2 985.6 507.85 1025.6 553.85
2 959.55 167.42 1018.55 226.42
2 531.34 586.4 585.34 640.4
2 585.16 605.29 635.16 655.29
2 551.59 635.91 584.59 668.91
2 665.16 712.55 724.16 771.55
2 612.75 761.18 698.75 847.18
2 776.53 622.35 810.53 656.35
2 944.25 815.5 992.25 863.5
2 380.47 663.29 430.47 714.29
2 252.46 723.39 310.46 781.39
2 63.22 822.27 112.22 872.27
2 198.97 831.12 242.97 875.12
2 131.65 839.12 163.65 871.12
2 2.59 598.9 53.59 649.9
2 160.39 677.49 211.39 728.49
2 960.5 658.37 1004.5 702.37
2 1005.75 851.14 1025.76 895.14
2 747.61 344.56 801.61 398.56
2 811.94 364.73 848.94 401.73
2 736.23 847.35 770.23 882.35
2 566.24 142.1 607.24 184.1
2 972.49 564.46 1014.49 606.46
2 521.17 381.15 564.17 423.15
2 887.08 996.59 927.08 1025.59
2 434.49 505.08 475.49 545.08
2 894.52 4.21 931.52 41.21
2 950.04 92.32 980.04 122.32
2 421.44 631.61 453.44 683.61
2 266.14 672.9 302.14 696.9
2 104.37 585.1 140.37 613.1
2 233.42 481.15 259.42 501.15
2 197.44 185.37 221.44 203.37
2 37.39 71.0 60.39 97.0
2 2.97 98.46 34.97 139.46
2 597.43 37.13 628.43 60.13
2 765.76 80.4 804.76 109.4
2 511.52 407.93 559.52 441.93
2 169.4 128.67 196.4 154.67
2 297.38 224.54 329.38 244.54
2 870.22 810.31 913.22 840.31
2 774.47 736.83 807.47 758.83
2 772.93 779.12 787.93 818.12
2 145.62 739.63 166.62 765.63
2 657.26 385.46 680.26 403.46
2 830.2 400.61 872.2 445.61
2 935.57 544.63 955.57 570.63
2 830.64 596.13 848.64 619.13
2 557.72 10.5 588.72 41.5
1 670.7 36.51 700.7 67.51
1 723.41 -0.04 749.41 24.96
1 797.44 -1.16 827.44 18.84
1 634.63 149.4 654.63 170.4
1 728.36 198.85 762.36 233.85
1 657.46 299.27 672.46 314.27
1 620.24 274.13 647.24 300.13
1 539.49 489.1 569.49 518.1
1 773.21 565.3 802.21 595.3
1 459.37 716.0 497.37 754.0
1 461.37 882.78 478.37 898.78
1 390.81 841.52 421.81 872.52
1 241.69 916.17 270.69 946.17
1 233.28 955.55 262.28 984.55
1 283.23 992.32 316.23 1024.32
1 341.54 913.38 360.54 933.38
1 290.79 850.04 326.79 886.04
1 294.06 795.51 317.06 818.51
1 502.78 930.29 530.78 959.29
1 525.87 876.16 561.87 912.16
1 688.73 959.09 722.73 994.09
1 885.41 896.97 904.41 915.97
1 869.61 940.16 895.61 966.16
1 800.4 860.27 820.4 881.27
1 730.31 839.59 747.31 857.59
1 676.21 778.7 708.21 810.7
1 627.43 708.56 642.43 723.56
1 419.28 417.21 449.28 447.21
1 184.44 378.05 208.44 403.05
1 194.78 436.38 218.78 460.38
1 155.79 452.05 175.79 472.05
1 99.35 441.0 115.35 457.0
1 8.34 444.12 36.34 472.12
1 55.31 559.37 72.31 576.37
1 8.3 523.34 36.3 551.34
1 -0.75 491.37 18.25 517.37
1 102.48 489.25 126.48 514.25
1 66.49 655.04 88.49 677.04
1 33.36 836.09 55.36 857.09
1 835.71 214.5 861.71 240.5
1 679.44 129.3 703.44 154.3
1 930.47 134.9 963.47 167.9
1 724.42 303.76 752.42 331.76
1 492.58 172.09 517.58 197.09
1 392.66 153.45 414.66 175.45
1 326.47 184.08 344.47 203.08
1 203.7 85.29 239.7 112.29
1 112.33 223.42 140.33 252.42
1 403.57 232.0 437.57 267.0
1 621.43 408.5 652.43 441.5
1 628.43 481.08 653.43 508.08
1 718.62 421.29 756.62 462.29
1 667.74 651.07 695.74 681.07
1 903.8 554.28 928.8 580.28
1 1007.18 399.92 1025.18 424.92
1 395.42 600.37 410.42 617.37
1 311.45 613.37 324.45 626.37
1 343.47 634.56 362.47 654.56
1 62.47 30.27 96.47 67.27
1 37.45 26.62 56.45 47.62
1 275.38 13.04 307.38 48.04
1 286.45 318.03 314.45 351.03
1 406.66 92.02 430.66 116.02
1 377.37 103.5 405.37 130.5
1 797.3 482.62 826.3 511.62
1 739.2 618.74 766.2 645.74
1 300.73 537.13 324.73 566.13
1 785.43 180.52 809.43 209.52
1 858.42 689.51 887.42 716.51
1 243.34 153.61 270.34 189.61
