0 3.06 75.45 31.06 105.45
0 13.07 132.14 53.07 168.14
0 42.13 105.69 89.13 134.69
0 8.04 212.08 39.04 258.08
0 10.16 325.04 40.16 356.04
0 190.05 41.04 240.05 82.04
0 344.03 276.81 381.03 298.81
0 240.36 -2.06 291.36 23.94
0 392.29 77.64 417.29 107.64
0 376.09 -1.47 405.09 23.53
0 112.73 62.74 139.73 93.74
0 280.02 152.78 316.02 190.78
0 448.18 222.03 479.18 249.03
0 344.87 50.73 362.87 73.73
0 179.14 684.48 203.14 716.48
0 829.36 90.77 847.36 116.77
0 824.18 43.96 844.18 70.96
0 881.33 121.03 904.33 139.03
0 759.34 183.8 782.34 209.8
0 628.94 214.83 652.94 239.83
0 610.25 189.47 633.25 213.47
0 520.31 65.06 548.31 92.06
0 634.1 5.12 658.1 25.12
0 568.19 408.38 591.19 432.38
0 710.73 664.19 734.73 687.19
0 985.71 667.43 1007.71 689.43
0 954.49 536.46 975.49 556.46
0 733.15 45.92 754.15 63.92
0 774.48 7.81 799.48 24.81
0 492.4 308.98 516.4 331.98
0 336.17 879.75 355.17 897.75
0 493.67 911.5 515.67 932.5
0 329.62 629.57 350.62 653.57
0 350.32 219.96 368.32 241.96
0 317.17 744.32 335.17 765.32
0 78.31 21.04 110.31 51.04
0 268.19 283.7 287.19 306.7
0 584.06 128.91 603.06 145.91
0 460.82 121.71 483.82 148.71
0 333.75 339.38 354.75 361.38
0 402.33 432.21 424.33 450.21
0 454.21 409.03 479.21 423.03
0 492.35 398.08 523.35 417.08
2 281.06 73.48 338.06 131.48
2 323.91 16.77 359.91 52.77
2 419.12 280.2 468.12 329.2
2 381.3 363.12 412.3 394.12
2 143.06 236.0 187.06 280.0
2 43.12 374.91 73.12 404.91
2 316.14 678.04 367.14 729.04
2 204.18 654.7 240.18 684.7
2 263.37 588.98 290.37 614.98
2 -1.54 601.85 38.46 642.85
2 136.4 805.88 168.4 839.88
2 354.3 861.87 387.3 893.87
2 471.05 968.71 502.05 995.71
2 252.03 858.04 277.03 882.04
2 910.16 157.95 934.16 181.95
2 953.31 240.2 980.31 267.2
2 951.27 277.19 978.27 304.19
2 736.32 268.08 762.32 294.08
2 646.21 79.98 675.21 108.98
2 735.95 105.86 761.95 131.86
2 544.0 176.54 584.0 211.54
2 796.38 349.86 828.38 375.86
2 697.1 814.08 727.1 840.08
2 823.3 811.1 853.3 841.1
2 671.31 697.92 704.31 728.92
2 565.19 849.82 589.19 876.82
2 976.37 951.13 1005.37 974.13
2 907.25 593.71 933.25 614.71
2 240.27 254.92 282.27 268.92
2 219.16 187.88 229.16 218.88
2 296.13 207.13 322.13 215.13
2 293.0 187.0 299.0 204.0
2 357.16 10.0 367.16 42.0
2 472.13 1.04 479.13 23.04
2 95.11 386.82 104.11 413.82
2 215.56 410.9 227.56 443.9
2 14.33 421.63 37.33 429.63
2 273.82 489.41 284.82 519.41
2 447.9 717.03 457.9 747.03
2 307.95 818.0 315.95 842.0
2 61.43 693.9 74.43 729.9
2 728.57 317.03 736.57 338.03
2 911.87 528.01 923.87 550.01
2 913.14 682.98 925.14 705.98
2 557.23 992.56 571.23 1020.56
2 764.11 940.96 781.11 949.96
2 848.13 835.0 859.13 856.0
2 563.64 -1.28 577.64 30.72
2 318.09 422.0 327.09 449.0
2 431.71 752.03 444.71 777.03
2 537.66 670.0 547.66 689.0
2 341.96 510.62 362.96 528.62
2 459.69 37.02 469.69 57.02
2 143.97 498.88 169.97 511.88
2 638.64 477.37 666.64 505.37
2 230.07 372.87 260.07 402.87
2 838.89 301.95 848.89 321.95
2 874.09 570.05 893.09 579.05
2 442.32 143.16 468.32 157.16
1 666.59 57.0 677.59 67.0
1 680.14 119.0 692.14 131.0
1 616.0 300.91 626.0 310.91
1 563.04 254.95 573.04 264.95
1 675.96 294.87 693.96 312.87
1 723.14 162.0 735.14 174.0
1 531.97 87.93 542.97 98.93
1 369.19 131.19 378.19 140.19
1 252.24 183.12 266.24 197.12
1 259.28 321.12 270.28 332.12
1 527.89 423.67 536.89 432.67
1 516.14 566.0 528.14 578.0
1 436.09 948.0 446.09 958.0
1 347.21 994.21 353.21 1000.21
1 312.14 950.17 323.14 961.17
1 567.25 963.0 584.25 980.0
1 557.94 925.89 574.94 942.89
1 683.05 878.93 698.05 893.93
1 441.21 825.1 452.21 836.1
1 281.0 829.85 292.0 840.85
1 607.98 805.77 621.98 819.77
1 636.03 806.98 651.03 821.98
1 516.76 143.62 529.76 156.62
1 957.28 43.12 975.28 61.12
1 940.25 229.16 953.25 242.16
1 737.98 369.77 751.98 383.77
1 689.18 421.88 712.18 444.88
1 533.68 305.1 550.68 321.1
1 748.75 548.64 765.75 565.64
1 1004.78 529.62 1016.78 541.62
1 938.69 622.64 950.69 634.64
1 966.14 894.17 977.14 905.17
1 829.39 1001.81 840.39 1011.81
1 776.14 873.0 788.14 885.0
1 777.28 895.12 788.28 906.12
1 890.0 793.85 901.0 804.85
1 998.98 591.77 1012.98 605.77
1 657.24 772.12 671.24 786.12
1 867.98 298.88 884.98 315.88
1 901.75 251.0 919.75 268.0
1 812.94 285.86 826.94 299.86
1 429.18 369.1 439.18 379.1
1 396.21 629.03 410.21 643.03
1 427.05 683.89 448.05 704.89
1 196.0 754.0 212.0 770.0
1 142.24 772.0 160.24 790.0
1 292.22 597.02 309.22 614.02
1 415.64 855.5 428.64 868.5
1 340.18 816.99 354.18 830.99
1 217.28 793.04 237.28 813.04
1 212.98 863.77 226.98 877.77
1 77.0 924.95 94.0 941.95
1 134.14 993.0 146.14 1005.0
1 102.14 979.0 114.14 991.0
1 204.64 1000.5 217.64 1013.5
1 155.0 158.76 176.0 179.76
1 589.19 670.19 598.19 679.19
1 391.25 689.16 404.25 702.16
