0 364.41 363.8 398.41 418.8
0 408.88 639.57 441.88 693.57
0 640.4 785.49 730.4 866.49
0 766.24 801.16 858.24 861.16
0 876.23 811.86 945.23 886.86
0 900.33 689.53 997.33 782.53
0 873.5 484.52 917.5 535.52
0 759.4 636.02 783.4 676.02
0 789.44 710.07 833.44 783.07
0 834.55 710.0 912.55 758.0
0 775.24 890.97 818.24 940.97
0 303.22 917.34 377.22 965.34
0 37.57 804.19 86.57 885.19
0 30.26 913.01 83.26 1000.01
0 61.45 592.5 93.45 639.5
0 801.12 593.34 887.12 645.34
0 839.92 262.26 866.92 307.26
0 965.91 211.5 1004.91 256.5
0 383.12 208.94 409.12 250.94
0 453.42 587.63 481.42 633.63
0 461.58 801.32 565.58 869.32
0 651.2 541.96 690.2 597.96
0 521.34 20.52 564.34 47.52
0 687.53 266.5 735.53 305.5
0 605.63 35.41 630.63 72.41
0 499.59 678.56 568.59 754.56
0 476.15 364.35 508.15 398.35
0 263.13 754.3 325.13 799.3
0 238.58 836.48 328.58 899.48
0 702.35 682.42 780.35 732.42
0 700.15 682.34 744.15 740.34
0 681.41 889.06 733.41 975.06
0 223.42 976.24 291.42 1021.24
2 454.21 176.99 491.21 214.99
2 514.36 298.31 568.36 352.31
2 549.21 388.98 600.21 438.98
2 633.59 461.26 686.59 513.26
2 752.45 126.4 802.45 176.4
2 612.92 114.19 657.92 159.19
2 738.17 13.34 774.17 49.34
2 900.6 141.19 935.6 176.19
2 978.8 283.43 1025.8 335.43
2 752.46 460.21 794.46 501.21
2 470.54 502.29 508.54 540.29
2 302.68 510.51 361.68 569.51
2 295.05 333.01 345.05 383.01
2 174.51 554.39 236.51 616.39
2 138.31 701.37 207.31 769.37
2 2.28 598.16 47.28 643.16
2 298.94 652.73 363.94 717.73
2 418.39 738.42 479.39 800.42
2 451.07 708.14 497.07 753.14
2 19.5 491.33 63.5 535.33
2 25.63 8.83 62.63 45.83
2 -1.78 18.21 27.22 67.21
2 515.07 432.14 561.07 477.14
2 -0.6 724.0 45.4 772.0
2 638.29 669.0 671.29 703.0
2 143.24 399.4 190.24 447.4
2 453.41 66.22 493.41 107.22
2 635.45 149.15 687.45 184.15
2 908.55 453.32 974.55 497.32
2 520.47 926.31 562.47 1000.31
2 223.36 649.52 278.36 682.52
2 209.54 564.78 242.54 616.78
2 353.25 483.28 384.25 530.28
2 299.6 118.07 335.6 143.07
2 593.9 235.09 620.9 273.09
2 726.52 388.46 759.52 411.46
2 690.29 838.07 738.29 866.07
2 299.15 700.74 321.15 732.74
2 338.03 600.46 373.03 627.46
2 68.6 124.1 106.6 161.1
2 124.46 112.21 166.46 153.21
2 580.31 714.21 621.31 755.21
1 221.36 106.0 244.36 130.0
1 158.17 34.28 178.17 55.28
1 94.42 42.08 119.42 67.08
1 42.54 101.08 56.54 115.08
1 29.43 173.18 56.43 200.18
1 230.69 178.5 249.69 197.5
1 200.45 141.0 218.45 159.0
1 232.41 146.2 253.41 167.2
1 262.33 163.54 283.33 184.54
1 289.47 163.29 309.47 183.29
1 407.24 124.15 433.24 149.15
1 322.67 39.66 348.67 65.66
1 468.44 157.23 489.44 177.23
1 551.51 102.2 571.51 123.2
1 522.34 180.14 547.34 205.14
1 603.39 8.0 623.39 28.0
1 631.34 2.5 654.34 25.5
1 708.64 99.82 723.64 114.82
1 788.65 3.84 811.65 26.84
1 842.39 90.17 859.39 107.17
1 797.39 90.52 820.39 113.52
1 797.37 121.17 824.37 148.17
1 843.46 155.55 867.46 180.55
1 871.28 159.66 897.28 185.66
1 911.53 58.0 935.53 82.0
1 950.32 98.43 967.32 116.43
1 970.67 127.33 989.67 147.33
1 879.76 249.28 908.76 277.28
1 898.33 335.54 919.33 356.54
1 769.84 366.41 791.84 388.41
1 596.53 341.06 614.53 359.06
1 611.21 351.66 637.21 377.66
1 625.48 277.25 657.48 309.25
1 462.03 307.17 481.03 326.17
1 388.04 303.81 407.04 322.81
1 246.01 282.5 277.01 313.5
1 763.2 208.97 789.2 234.97
1 955.57 6.47 983.57 33.47
1 898.54 367.63 920.54 389.63
1 987.28 419.66 1013.28 445.66
1 786.17 454.28 806.17 475.28
1 174.1 219.84 197.1 242.84
1 166.25 319.38 190.25 343.38
1 36.74 305.15 63.74 332.15
1 80.49 341.04 106.49 367.04
1 64.58 346.36 86.58 368.36
1 7.47 375.36 43.47 411.36
1 100.04 499.81 119.04 518.81
1 0.64 441.14 19.64 460.14
1 78.33 660.13 99.33 681.13
1 92.41 854.19 117.41 879.19
1 187.55 627.3 211.55 651.3
1 292.57 574.32 314.57 596.32
1 239.47 443.53 267.47 472.53
1 215.46 462.24 243.46 491.24
1 225.24 381.0 255.24 411.0
1 285.71 347.5 310.71 372.5
1 506.7 541.0 536.7 571.0
1 545.17 543.62 563.17 561.62
1 526.57 608.09 548.57 629.09
1 595.73 650.37 613.73 668.37
1 537.27 689.0 559.27 711.0
1 641.47 383.36 661.47 403.36
1 666.97 266.24 687.97 287.24
1 729.5 268.18 753.5 293.18
1 737.98 419.87 752.98 434.87
1 991.19 590.37 1013.19 612.37
1 959.39 636.0 979.39 656.0
