0 597.75 384.45 628.75 411.45
0 150.64 83.1 197.64 110.1
0 218.25 196.74 235.25 230.74
0 181.31 245.83 196.31 275.83
0 -0.0 330.92 12.0 356.92
0 119.33 348.63 151.33 398.63
0 953.56 130.25 977.56 167.25
0 100.16 325.54 115.16 349.54
0 238.27 393.42 263.27 410.42
0 190.49 557.4 211.49 604.4
0 262.25 466.71 297.25 500.71
0 100.64 520.7 123.64 549.7
0 255.53 981.32 276.53 1020.32
0 299.11 948.57 318.11 973.57
0 351.47 893.38 367.47 915.38
0 357.58 809.26 402.58 874.26
0 190.69 692.18 220.69 709.18
0 235.52 635.24 259.52 655.24
0 233.45 811.15 257.45 832.15
0 198.57 894.33 229.57 928.33
0 256.82 807.25 276.82 836.25
0 824.52 70.03 896.52 154.03
0 556.61 74.48 579.61 119.48
0 647.42 581.69 688.42 622.69
0 583.29 661.14 619.29 686.14
0 382.48 504.1 408.48 535.1
0 581.8 744.27 640.8 796.27
0 830.77 491.99 874.77 553.99
0 755.6 871.38 790.6 902.38
0 603.44 466.96 624.44 497.96
0 500.18 75.15 543.18 123.15
0 566.38 163.08 611.38 186.08
0 701.27 542.7 726.27 576.7
0 696.29 887.02 726.29 911.02
0 929.76 895.17 971.76 931.17
0 742.24 933.32 753.24 956.32
0 708.71 258.34 753.71 294.34
0 964.64 484.0 980.64 509.0
2 387.86 39.12 428.86 84.12
2 490.31 267.93 530.31 303.93
2 375.26 355.1 395.26 382.1
2 407.2 527.32 443.2 570.32
2 262.61 682.47 287.61 715.47
2 128.43 539.24 160.43 576.24
2 326.11 953.27 354.11 987.27
2 774.36 721.53 814.36 758.53
2 291.6 231.16 330.6 272.16
2 631.25 83.22 663.25 118.22
2 313.43 182.97 341.43 210.97
2 535.7 191.62 578.7 234.62
2 760.09 600.23 786.09 626.23
2 836.57 583.05 870.57 616.05
2 541.37 491.2 564.37 513.2
2 549.29 446.07 565.29 462.07
2 565.41 457.3 586.41 479.3
2 157.76 374.02 196.76 413.02
2 80.34 125.32 100.34 145.32
2 833.55 408.81 859.55 434.81
2 884.51 484.41 902.51 502.41
2 898.44 476.62 915.44 494.62
2 764.17 325.49 801.17 362.49
2 805.26 397.15 823.26 414.15
2 618.3 794.47 644.3 819.47
2 642.61 799.44 666.61 823.44
2 446.39 321.28 468.39 343.28
2 474.08 817.71 500.08 843.71
2 798.28 980.94 821.28 1003.94
2 783.2 937.46 807.2 961.46
2 129.09 166.79 149.09 186.79
2 590.64 534.04 608.64 553.04
2 793.26 908.94 811.26 930.94
1 254.54 320.02 274.54 340.02
1 172.47 411.62 194.47 433.62
1 30.37 534.2 44.37 549.2
1 6.65 512.28 24.66 531.28
1 25.53 443.4 45.53 463.4
1 33.51 391.53 50.51 408.53
1 36.45 290.36 55.45 310.36
1 85.42 155.36 105.42 175.36
1 127.51 192.2 145.51 210.2
1 56.39 148.81 76.39 168.81
1 179.61 309.33 196.61 326.33
1 223.62 57.64 243.62 78.64
1 253.71 65.3 272.71 85.3
1 70.4 73.44 84.4 87.44
1 687.24 211.62 701.24 225.62
1 679.27 21.36 692.27 35.36
1 706.12 87.94 722.12 104.94
1 552.59 8.29 570.59 26.29
1 882.57 25.29 895.57 39.29
1 777.05 70.17 794.05 88.17
1 924.61 68.14 938.61 82.14
1 939.26 46.26 957.26 64.26
1 989.63 120.44 1004.63 135.44
1 836.4 -0.46 850.4 11.54
1 627.59 345.35 643.59 362.35
1 709.46 385.14 721.46 397.14
1 809.54 280.11 820.54 292.11
1 821.32 344.46 837.32 360.46
1 289.58 400.84 307.58 419.84
1 393.32 316.03 408.32 331.03
1 300.12 502.61 315.12 518.61
1 94.3 608.22 105.3 619.22
1 117.5 664.01 128.5 675.01
1 44.45 723.37 57.45 735.37
1 6.31 831.31 22.31 847.31
1 241.44 778.8 263.44 800.8
1 869.71 418.13 886.71 436.13
1 916.34 428.0 931.34 443.0
1 940.67 512.16 955.67 527.16
1 784.39 405.0 795.39 417.0
1 849.32 458.05 863.32 472.05
1 785.52 467.46 799.52 480.46
1 505.31 488.29 524.31 506.29
1 456.3 544.22 470.3 558.22
1 335.33 550.1 346.33 561.1
1 370.51 693.38 387.51 711.38
1 383.57 608.38 401.57 634.38
1 529.3 443.21 541.3 461.21
1 203.3 617.22 221.3 638.22
1 190.26 719.04 206.26 732.04
1 332.23 789.18 347.23 807.18
1 333.13 843.66 349.13 860.66
1 352.31 922.39 368.31 940.39
1 198.67 855.44 215.67 873.44
1 146.97 859.08 161.97 872.08
1 159.48 961.11 180.48 980.11
1 177.57 956.37 194.57 973.37
1 74.7 940.38 92.7 958.38
1 627.22 851.34 641.22 866.34
1 630.54 825.29 648.54 843.29
1 598.35 912.68 616.35 930.68
1 593.61 981.17 613.61 1001.17
1 628.62 995.08 642.62 1009.08
1 993.0 900.33 1009.0 916.33
1 797.51 786.96 813.51 802.96
1 764.98 770.59 778.98 792.59
1 766.24 806.17 775.24 817.17
1 257.36 941.71 271.36 956.71
1 143.5 925.21 160.5 936.21
1 141.29 728.0 152.29 745.0
1 458.25 882.21 473.25 897.21
1 486.4 941.0 504.4 959.0
1 458.98 1004.33 473.98 1019.33
1 439.49 981.15 452.49 993.15
1 305.1 220.07 319.1 234.07
1 258.71 212.15 284.71 238.15
1 199.39 95.0 211.39 107.0
1 92.47 38.43 108.47 55.43
1 325.44 55.13 338.44 68.13
1 827.47 57.16 850.47 79.16
1 959.95 356.81 974.95 373.81
1 384.38 174.24 391.38 183.24
1 360.35 208.01 373.35 223.01
