0 205.19 891.51 227.19 922.51
0 78.21 703.48 148.21 734.48
0 183.72 738.5 226.72 767.5
0 101.27 659.27 128.27 705.27
0 153.26 615.63 211.26 643.63
0 75.4 576.47 102.4 613.47
0 217.09 910.5 383.09 1011.5
0 80.56 242.06 131.56 308.06
0 351.28 510.38 370.28 542.38
0 454.69 591.98 504.69 613.98
0 563.79 890.48 620.79 917.48
0 493.2 862.06 553.2 918.06
0 814.09 702.93 844.09 742.93
0 838.7 923.96 897.7 965.96
0 966.1 941.5 994.1 986.5
0 954.66 879.52 991.66 912.52
0 717.6 559.49 738.6 598.49
0 440.7 224.03 467.7 252.03
0 619.69 15.04 690.69 55.04
0 463.64 959.99 494.64 999.99
0 879.12 335.05 941.12 404.05
0 623.65 337.49 691.65 389.49
0 776.11 781.5 816.11 832.5
0 126.62 798.05 165.62 842.05
0 -2.05 -1.18 55.95 93.82
2 773.57 917.36 790.57 950.36
2 408.13 344.58 486.13 423.58
2 913.66 98.97 988.66 140.97
2 276.62 802.57 319.62 853.57
2 772.57 863.7 813.57 914.7
2 167.13 14.53 253.13 89.53
2 756.24 281.99 802.24 303.99
2 767.54 251.52 818.54 346.52
2 26.64 404.54 58.64 438.54
2 61.67 450.53 82.67 472.53
2 211.07 624.5 253.07 668.5
2 440.61 65.53 517.61 146.53
2 526.1 616.99 570.1 662.99
2 107.56 926.98 150.56 970.98
2 107.78 491.99 154.78 509.99
2 7.73 545.99 50.73 565.99
2 160.28 580.0 212.28 600.0
2 676.55 483.41 697.55 532.41
2 402.71 458.5 423.71 479.5
2 614.68 507.0 662.68 555.0
2 927.13 555.0 975.13 603.0
2 660.72 450.5 688.72 478.5
2 970.35 401.24 997.35 428.24
2 1001.7 794.03 1015.7 808.03
2 909.4 896.13 924.4 911.13
2 808.75 623.49 848.75 642.49
2 634.97 833.51 653.97 852.51
2 606.33 852.17 629.33 871.17
2 598.32 831.45 607.32 841.45
2 566.32 754.0 608.32 770.0
2 207.17 160.48 277.17 225.48
1 884.23 159.02 908.23 183.02
1 743.23 15.01 765.23 37.01
1 711.71 37.5 734.71 62.5
1 809.74 103.99 830.74 125.99
1 873.19 34.44 893.19 55.44
1 547.74 171.98 574.74 199.98
1 475.75 251.97 506.75 279.97
1 312.69 235.47 335.69 260.48
1 347.2 65.49 367.2 86.49
1 287.63 178.89 302.63 194.89
1 270.25 193.97 290.25 213.97
1 309.67 142.57 328.67 159.57
1 286.59 34.61 303.59 51.61
1 396.61 50.59 413.61 67.59
1 372.2 41.4 382.2 52.4
1 43.69 148.38 66.69 175.38
1 70.66 344.86 83.66 359.86
1 91.14 333.96 105.14 347.96
1 130.57 372.43 144.57 381.43
1 104.5 420.5 115.5 427.5
1 158.57 407.6 166.57 420.6
1 182.68 517.49 201.68 529.49
1 203.63 318.04 212.63 332.04
1 308.65 291.49 324.65 301.49
1 292.14 275.46 305.14 288.46
1 377.14 199.0 389.14 211.0
1 140.28 108.5 157.28 125.5
1 192.56 128.0 209.56 145.0
1 271.16 147.99 287.16 163.99
1 365.27 227.0 384.27 246.0
1 299.16 417.01 315.16 433.01
1 336.6 484.01 353.6 501.01
1 303.18 504.5 321.18 522.5
1 228.5 480.5 244.5 496.5
1 716.58 157.95 736.58 177.95
1 677.57 186.16 695.57 203.16
1 628.34 222.27 647.34 240.27
1 588.56 156.63 608.56 176.63
1 607.47 149.18 629.47 172.18
1 767.73 175.17 790.73 198.17
1 845.41 338.2 866.41 359.2
1 899.63 95.34 918.63 115.34
1 788.39 430.52 815.39 457.52
1 488.82 457.08 514.82 483.08
1 550.7 500.19 575.7 525.19
1 522.32 506.23 534.32 519.23
1 523.56 532.51 538.56 547.51
1 611.29 538.09 628.29 555.09
1 828.41 529.3 847.41 548.3
1 849.53 540.94 867.53 558.94
1 746.27 125.0 768.27 147.0
1 962.27 33.0 984.27 55.0
1 424.27 599.0 446.27 621.0
1 326.67 581.49 361.67 612.49
1 276.02 667.09 301.02 683.09
1 344.44 696.09 360.44 715.09
1 335.56 760.47 357.56 785.47
1 383.63 754.63 398.63 768.63
1 422.78 762.3 444.78 786.3
1 366.65 818.06 387.65 840.06
1 401.64 808.57 416.64 822.57
1 374.38 881.58 393.38 901.58
1 420.26 950.43 442.26 970.43
1 515.21 964.0 535.21 982.0
1 606.65 960.61 623.65 978.61
1 657.33 971.2 670.33 984.2
1 717.74 844.0 744.74 870.0
1 603.21 772.51 623.21 793.51
1 685.3 738.2 702.3 757.2
1 657.69 757.56 680.69 780.56
1 579.25 706.27 604.25 742.27
1 376.54 636.1 400.54 659.1
1 687.5 646.0 697.5 660.0
1 798.64 979.59 819.64 1006.59
1 756.27 984.49 784.27 1009.49
1 753.64 951.97 776.64 983.97
1 723.65 986.48 746.65 1003.48
1 873.19 737.47 891.19 762.47
1 987.15 733.46 1003.15 754.46
1 758.68 740.92 781.68 760.92
1 837.59 599.96 851.59 610.96
1 786.58 603.52 801.58 623.52
1 603.76 189.49 636.76 212.49
