0 68.39 519.29 117.39 578.29
0 639.59 662.27 702.59 718.27
0 361.7 684.32 426.7 724.32
0 849.62 230.12 924.62 277.12
0 887.64 457.15 982.64 530.15
0 103.03 288.0 149.03 340.0
0 65.32 136.38 124.32 178.38
0 89.52 83.0 145.52 125.0
0 831.37 642.1 860.37 683.1
0 775.13 613.03 814.13 653.03
0 935.28 984.12 983.28 1017.12
0 562.13 565.18 590.13 601.18
0 938.69 870.45 974.69 888.45
0 775.49 230.2 820.49 258.2
0 593.1 446.04 653.1 494.04
0 834.39 709.0 864.39 741.0
0 402.09 597.49 438.09 645.49
0 543.08 341.97 596.08 378.97
0 508.2 884.0 540.2 921.0
0 282.47 278.52 370.47 359.52
0 740.1 441.5 777.1 489.5
0 797.63 464.51 823.63 506.51
2 160.39 837.3 193.39 869.3
2 197.31 130.14 240.31 173.14
2 969.59 191.17 1015.59 237.17
2 731.61 230.15 750.61 252.15
2 171.22 72.55 254.22 126.55
2 431.32 848.5 451.32 868.5
2 262.13 459.97 299.13 495.97
2 609.41 220.26 659.41 281.26
2 143.28 233.59 166.28 258.6
1 266.42 219.1 292.42 243.1
1 325.51 239.24 366.51 260.24
1 378.13 161.42 399.13 175.42
1 406.42 257.01 433.42 283.01
1 421.53 298.04 447.53 323.04
1 451.42 316.04 474.42 338.04
1 476.39 272.27 496.39 293.27
1 469.47 112.34 485.47 128.34
1 465.2 346.17 485.2 364.17
1 520.28 297.46 537.28 312.46
1 519.48 521.34 538.48 539.34
1 534.27 540.3 552.27 558.3
1 543.22 689.25 571.22 717.25
1 573.55 672.99 585.55 684.99
1 654.39 876.26 678.39 899.26
1 528.54 925.26 553.54 950.26
1 669.63 954.25 690.63 975.25
1 610.44 945.25 628.44 962.25
1 496.72 956.35 520.72 979.35
1 446.42 992.32 465.42 1012.32
1 104.52 955.25 125.52 973.25
1 93.44 996.52 108.44 1015.52
1 23.37 791.11 41.37 810.11
1 55.42 786.01 78.42 817.01
1 693.75 988.53 715.75 1009.53
1 805.48 938.29 838.48 968.29
1 932.47 779.24 964.47 811.24
1 980.6 742.01 997.6 759.01
1 883.72 730.27 912.72 759.27
1 689.46 729.24 717.46 758.24
1 407.75 772.5 432.75 797.5
1 344.23 738.05 373.23 767.05
1 277.49 844.35 295.49 862.35
1 189.65 527.31 211.65 549.31
1 197.6 493.99 212.6 508.99
1 755.47 581.43 773.47 599.43
1 965.36 604.28 980.36 620.28
1 874.74 527.07 898.74 548.07
1 1002.43 694.03 1019.43 713.03
1 261.71 417.27 288.71 444.27
1 102.22 409.98 130.22 437.98
1 770.4 451.51 788.4 470.51
1 721.47 359.12 756.47 384.12
1 814.6 361.83 833.6 379.83
1 894.51 297.19 922.51 320.19
1 926.48 282.93 951.48 310.93
1 999.63 442.3 1013.63 461.3
1 990.81 397.5 1015.81 416.5
1 845.19 158.99 868.19 190.99
1 577.68 132.5 615.68 172.5
1 76.51 177.0 101.51 205.0
1 743.73 497.93 768.73 521.93
1 647.66 539.0 665.66 564.0
1 835.41 490.01 873.41 533.01
1 516.37 491.29 532.37 509.29
1 245.16 302.15 270.16 330.15
1 1.53 268.24 25.53 292.24
1 284.81 106.91 332.81 168.91
1 985.82 568.33 1024.82 593.33
1 927.25 915.12 970.25 958.12
1 909.52 662.19 924.52 683.19
1 802.77 93.36 822.77 108.36
1 853.44 116.4 873.44 130.4
1 665.91 -0.72 694.91 16.28
1 656.51 58.05 668.51 73.05
1 492.95 108.11 527.95 143.12
1 197.49 556.08 221.49 582.08
