0 716.98 405.28 757.98 441.28
0 442.45 302.47 456.45 328.47
0 272.46 213.8 310.46 252.8
0 70.74 188.76 94.74 225.76
0 49.22 797.42 96.22 842.42
0 251.14 864.25 281.14 902.25
0 845.11 580.02 871.11 617.02
0 609.71 401.14 634.71 423.14
0 645.96 126.98 682.96 184.98
0 949.32 293.04 977.32 343.04
0 866.66 369.31 925.66 397.31
0 886.45 552.54 936.45 606.54
0 819.35 455.35 846.35 486.35
0 365.55 669.18 386.55 703.18
0 25.22 717.11 55.22 736.11
0 122.94 616.94 143.94 650.94
0 102.58 642.5 113.58 665.5
0 328.7 554.11 352.7 588.11
0 546.45 254.63 567.45 266.63
0 598.23 247.89 607.23 266.89
0 660.76 775.46 695.76 800.46
0 788.67 642.3 800.67 667.3
0 922.36 693.04 935.36 715.04
0 935.73 370.2 955.73 387.2
0 708.34 223.96 757.34 259.96
0 766.4 408.8 840.4 481.8
0 961.17 64.97 996.17 114.97
2 439.06 693.06 521.06 783.06
2 186.22 898.16 219.22 935.16
2 397.59 118.32 490.59 220.32
2 477.3 177.04 544.3 251.04
2 892.47 146.5 954.47 213.5
2 830.11 502.52 870.11 545.52
2 941.45 522.5 981.45 565.5
2 830.91 349.28 867.91 389.28
2 379.98 626.24 414.98 664.24
2 28.95 938.5 53.95 965.5
2 8.16 474.52 44.16 513.52
2 257.21 463.97 308.21 519.97
2 208.51 419.77 266.51 482.77
2 287.26 378.39 326.26 420.39
2 205.81 101.31 239.81 137.31
2 27.41 142.27 54.41 172.27
2 247.6 20.0 288.6 64.0
2 792.51 744.79 858.51 817.79
2 893.82 452.0 919.82 480.0
2 926.67 242.45 953.67 272.45
2 854.35 5.16 887.35 40.16
2 379.06 928.97 429.06 982.97
2 653.62 890.33 693.62 928.33
2 741.09 660.56 767.09 694.56
2 236.13 313.42 272.13 354.42
2 181.56 460.08 229.56 505.08
2 657.44 414.08 689.44 451.08
2 868.77 293.82 924.77 345.82
2 746.26 148.73 820.26 230.73
2 307.1 811.37 329.1 838.37
2 183.5 77.62 211.5 102.62
2 237.42 58.37 260.42 88.37
2 74.96 723.54 95.96 751.54
1 644.43 332.57 662.43 351.57
1 652.18 257.38 672.18 277.38
1 564.41 161.3 589.41 185.3
1 492.72 112.24 511.72 130.24
1 439.08 126.96 449.08 136.96
1 435.38 194.47 454.38 213.47
1 343.4 294.15 359.4 311.15
1 67.2 242.98 85.2 260.98
1 31.34 213.34 43.34 225.34
1 10.18 131.0 23.18 145.0
1 51.57 645.5 64.57 658.5
1 57.61 622.31 70.61 635.31
1 54.07 683.31 66.07 695.31
1 553.57 981.33 573.57 1001.33
1 645.34 827.34 657.34 839.34
1 606.6 826.28 621.6 840.28
1 470.5 782.25 488.5 800.25
1 403.74 785.0 421.74 803.0
1 226.46 822.39 240.46 836.39
1 79.5 929.11 95.5 944.11
1 94.18 911.0 107.18 925.0
1 16.6 865.22 31.6 880.22
1 93.46 751.1 109.46 766.1
1 487.58 295.5 508.58 316.5
1 735.71 301.5 752.71 318.5
1 811.35 294.52 826.35 309.52
1 973.95 173.2 988.95 188.2
1 1003.35 230.31 1019.35 247.31
1 510.05 487.39 522.05 499.39
1 489.33 480.51 504.33 495.51
1 630.34 533.46 647.34 550.46
1 643.43 569.14 659.43 584.14
1 669.74 563.32 686.74 579.32
1 704.4 551.3 718.4 566.3
1 664.55 522.93 678.55 536.93
1 639.74 463.24 656.74 479.24
1 703.39 449.39 715.39 461.39
1 630.07 347.31 642.07 359.31
1 763.5 306.0 779.5 322.0
1 807.58 633.44 827.58 653.44
1 774.36 672.1 787.36 685.1
1 942.62 702.25 961.62 720.25
1 969.69 766.12 986.69 783.12
1 513.52 870.65 529.52 886.65
1 855.62 896.22 872.62 913.22
1 261.33 391.23 276.33 406.23
1 244.12 409.4 260.12 425.4
1 27.4 402.5 38.4 413.5
1 122.49 578.15 136.49 591.15
1 199.62 932.22 216.62 949.22
1 526.21 586.0 546.21 606.0
1 572.37 625.13 585.37 637.13
1 560.08 637.43 572.08 649.43
1 669.47 676.21 689.47 697.21
1 827.21 726.38 845.21 744.38
1 864.49 736.29 882.49 754.29
1 836.6 259.74 847.6 270.74
1 868.58 94.29 879.58 104.29
1 544.46 41.07 558.46 55.07
1 540.32 216.2 561.32 237.2
1 622.17 935.4 642.17 955.4
1 692.35 997.5 709.35 1014.5
1 924.2 590.96 937.2 604.96
