0 573.24 -1.97 626.24 51.03
0 80.67 -4.86 184.67 61.14
0 543.12 116.34 601.12 178.34
0 704.07 288.95 780.07 386.95
0 831.48 169.99 907.48 241.99
0 231.41 631.49 343.41 740.49
0 164.43 880.08 222.43 948.08
0 374.68 38.78 414.68 91.78
0 246.06 -2.5 299.06 30.5
0 48.26 441.65 89.26 503.65
0 342.25 230.17 379.25 275.17
0 364.89 904.02 397.89 944.02
0 661.21 36.46 696.21 87.46
0 82.54 721.55 124.54 766.55
0 26.51 120.36 64.51 162.36
2 313.33 448.32 565.33 758.32
2 440.94 983.53 477.94 1020.53
2 654.61 954.52 693.61 993.52
2 408.17 372.16 444.17 409.16
2 376.02 335.18 411.02 370.18
2 373.85 159.51 416.85 204.51
1 795.59 732.18 823.59 757.18
1 830.23 848.22 850.23 869.22
1 907.67 686.26 928.67 707.26
1 1000.16 607.38 1020.16 627.38
1 728.38 502.11 753.38 527.11
1 750.65 467.9 776.65 494.9
1 653.5 554.4 681.5 580.4
1 646.54 668.52 668.54 691.52
1 514.57 723.02 546.57 757.02
1 519.24 947.18 541.24 970.18
1 248.8 897.36 275.8 925.36
1 81.44 958.49 104.44 981.49
1 140.72 774.22 163.72 791.22
1 394.24 298.47 415.24 336.47
1 572.1 297.63 596.1 332.63
1 847.34 306.55 870.34 333.55
1 886.33 336.99 911.33 366.99
1 931.22 316.3 957.22 346.3
1 948.44 271.19 966.44 290.19
1 241.7 253.17 266.7 280.17
1 121.5 244.1 145.5 269.1
1 331.51 142.07 359.51 174.07
1 736.01 2.15 759.01 27.15
1 867.32 527.13 886.32 546.13
1 193.46 285.45 217.46 310.45
1 147.39 342.83 162.39 359.83
1 118.41 283.34 132.41 303.34
1 699.54 431.03 719.54 445.03
1 490.13 553.59 506.13 570.59
1 461.63 523.37 478.63 547.37
1 346.52 279.36 368.52 311.36
