0 113.55 376.0 202.55 486.0
0 58.09 70.52 124.09 133.52
0 547.48 732.77 603.48 777.77
0 874.36 957.29 909.36 1001.29
0 688.23 950.86 739.23 1013.86
0 256.32 94.18 296.32 141.18
0 460.94 965.17 552.94 1027.17
0 821.23 819.38 902.23 889.38
0 536.16 357.45 591.16 420.45
2 155.52 781.29 229.52 855.29
2 282.81 607.0 323.81 631.0
2 338.71 328.47 417.71 353.47
2 470.02 920.24 564.02 942.24
2 507.62 845.84 546.62 884.84
2 258.15 316.37 296.15 355.37
2 270.24 410.48 301.24 441.48
2 220.42 985.13 262.42 1025.13
1 125.51 201.02 167.51 230.02
1 155.54 276.29 185.54 306.29
1 147.28 86.36 176.28 114.36
1 335.32 176.62 381.32 224.62
1 414.02 137.81 439.02 162.81
1 730.5 41.33 748.5 59.33
1 722.37 127.18 735.37 140.18
1 905.49 207.46 929.49 238.46
1 694.65 301.23 715.65 316.23
1 630.54 584.3 652.54 606.3
1 589.32 516.15 606.32 533.15
1 690.2 652.77 721.2 683.77
1 828.67 673.54 847.67 699.54
1 851.73 762.03 870.73 779.03
1 805.46 925.26 844.46 959.26
1 611.53 822.01 634.53 843.01
1 583.64 960.43 601.64 979.43
1 418.19 788.25 454.19 824.25
1 270.58 939.32 310.58 967.32
1 169.36 574.34 206.36 602.34
1 370.23 450.17 380.23 464.17
1 817.61 284.14 855.61 327.14
1 893.51 422.06 911.51 438.06
1 940.68 501.44 965.68 532.44
1 429.42 566.31 471.42 606.31
1 235.39 473.23 276.39 506.23
1 987.72 443.02 1012.72 470.02
1 821.66 455.49 838.66 468.49
1 809.27 618.03 840.27 647.03
1 980.47 656.92 1000.47 680.92
1 980.6 914.25 998.6 928.25
