0 370.06 375.07 460.06 489.07
0 613.52 320.89 678.52 426.89
0 726.06 466.53 842.06 589.53
0 142.55 412.0 261.55 550.0
0 651.77 -1.09 764.77 91.91
0 348.59 43.36 416.59 135.36
0 459.6 347.93 499.6 406.93
0 513.59 89.58 555.59 153.58
2 221.61 107.81 260.61 146.81
2 613.68 795.5 676.68 858.5
2 863.5 599.5 914.5 650.5
1 113.63 223.29 153.63 263.29
1 244.47 301.96 266.47 318.96
1 384.45 230.25 406.45 249.25
1 598.42 496.55 648.42 517.55
1 500.25 517.26 533.25 551.26
1 457.44 737.35 477.44 755.35
1 103.41 914.02 131.41 947.02
1 40.39 741.19 55.39 760.19
1 941.38 209.23 963.38 234.23
1 810.18 824.15 838.18 859.15
1 835.36 349.48 861.36 372.48
1 561.32 473.48 578.32 487.48
1 600.34 456.24 615.34 471.24
1 25.73 478.48 53.73 504.48
1 103.64 514.22 123.64 537.22
1 335.33 834.28 374.33 872.28
1 155.56 977.83 183.56 1005.83
1 778.6 713.31 806.6 741.31
1 632.23 671.93 656.23 693.93
1 427.49 301.52 453.49 325.52
1 558.8 237.69 574.8 259.69
1 552.47 61.26 596.47 103.26
1 588.41 227.79 617.41 262.79
1 915.27 426.31 935.27 450.31
1 463.25 931.31 489.25 953.31
1 823.3 572.28 853.3 608.28
1 568.42 136.21 585.42 154.21
