0 574.1 517.34 696.1 635.34
0 49.29 781.16 136.29 858.16
0 155.28 542.32 210.28 623.32
0 -2.84 390.43 92.16 469.43
0 864.4 308.21 902.4 352.21
0 643.08 709.32 677.08 765.32
0 378.6 833.31 437.6 866.31
0 263.48 820.31 319.48 858.31
2 327.94 385.35 470.94 509.35
2 461.09 531.02 512.09 581.02
2 844.62 486.35 890.62 531.35
2 335.37 77.37 509.37 249.37
2 665.69 411.25 788.69 443.25
2 338.56 901.84 361.56 979.84
1 138.68 743.39 167.68 777.39
1 176.27 715.52 221.27 746.52
1 197.53 803.27 265.53 842.27
1 111.55 920.36 145.55 942.36
1 162.6 925.82 201.6 960.82
1 158.06 427.24 186.06 471.24
1 258.2 244.48 308.2 275.48
1 332.16 199.48 352.16 225.48
1 187.03 53.52 222.03 82.52
1 18.67 323.33 54.67 358.33
1 28.7 88.21 51.7 116.21
1 26.38 465.03 53.38 494.03
1 2.36 681.13 30.36 707.13
1 548.66 924.96 569.66 947.96
1 621.23 455.47 649.23 488.47
1 486.1 365.14 511.1 388.14
1 898.14 810.97 952.14 875.97
1 859.65 934.99 893.65 970.99
1 993.21 936.16 1025.2 973.16
1 526.69 764.51 551.69 783.51
1 869.62 688.48 888.62 711.48
1 776.71 606.98 806.71 635.98
1 961.7 61.53 983.7 84.53
1 879.72 89.96 908.72 117.96
1 926.7 391.98 950.7 417.98
1 371.72 451.48 409.72 480.48
1 499.63 297.54 548.63 342.54
