0 137.71 131.02 180.71 157.02
0 37.06 248.02 61.06 308.02
0 192.56 87.41 211.56 130.41
0 506.07 60.04 556.07 106.04
0 577.76 77.05 622.76 101.05
0 407.72 220.53 448.72 251.53
0 793.57 579.51 968.57 702.51
0 793.12 184.46 857.12 267.46
0 99.53 435.03 212.53 593.03
0 230.09 362.01 330.09 494.01
0 451.56 739.55 558.56 890.55
0 641.06 636.05 707.06 730.05
0 380.13 539.5 478.13 622.5
0 366.15 435.03 456.15 513.03
0 889.67 477.0 966.67 531.0
0 794.1 475.01 850.1 515.01
0 2.6 872.98 53.6 928.98
2 589.14 237.97 659.14 297.97
2 575.14 426.47 605.14 461.47
2 984.65 682.65 1025.65 716.65
2 98.15 243.0 162.15 307.0
2 60.08 337.99 138.08 415.99
2 191.67 339.49 226.67 374.49
2 758.54 705.51 869.54 816.51
2 349.56 573.05 433.56 657.05
1 466.69 151.48 503.69 188.48
1 441.16 125.0 479.16 163.0
1 387.73 111.51 418.73 142.51
1 486.71 73.49 511.71 98.49
1 362.66 695.49 395.66 728.49
1 160.19 951.0 188.19 979.0
1 733.12 404.0 769.12 440.0
1 666.27 536.0 698.27 568.0
1 845.61 520.51 886.61 561.51
1 931.21 366.01 953.21 388.01
1 955.73 133.51 990.73 168.51
1 841.15 30.02 859.15 48.02
1 565.77 12.5 582.77 29.5
1 254.73 577.5 281.73 604.5
1 776.26 980.0 802.26 1006.0
1 65.56 490.03 111.56 536.03
1 672.68 455.0 704.68 487.0
1 562.25 120.0 590.25 147.0
1 452.26 959.0 475.26 982.0
1 353.26 44.0 376.26 67.0
1 140.74 794.5 162.74 816.5
1 61.6 577.53 79.6 595.53
1 706.06 872.5 755.06 921.5
