0 626.03 11.46 770.03 282.46
0 407.73 151.01 462.73 183.01
0 412.08 45.97 438.08 93.97
0 170.06 173.5 254.06 328.5
0 79.05 599.03 139.05 695.03
0 841.65 313.99 956.65 375.99
0 165.04 680.99 327.04 856.99
0 353.54 243.44 394.54 330.44
0 185.74 571.97 236.74 595.97
0 70.08 512.46 101.08 561.46
2 492.17 396.34 516.17 421.34
2 473.65 333.5 508.65 368.5
2 607.22 568.92 635.22 590.92
2 583.7 604.08 614.7 636.08
2 21.14 706.54 67.14 743.54
2 64.56 765.32 93.56 802.32
2 862.65 272.89 907.65 320.89
2 978.06 161.41 1008.06 204.41
2 707.62 599.98 764.62 651.98
2 833.63 797.52 882.63 848.52
1 403.21 527.49 427.21 554.49
1 736.67 405.5 765.67 436.5
1 833.25 410.5 863.25 439.5
1 872.65 440.47 907.65 473.47
1 856.17 523.49 888.17 558.49
1 821.67 554.43 840.67 571.43
1 487.19 514.5 509.19 537.5
1 473.64 214.5 508.64 251.5
1 121.67 416.99 142.67 436.99
1 141.2 467.47 171.2 500.47
1 172.58 530.01 211.58 572.01
1 15.22 653.53 43.22 684.53
1 972.67 854.98 1009.67 894.98
1 975.68 127.49 998.68 152.49
1 967.08 25.46 1013.08 76.46
1 867.65 605.52 902.65 644.52
1 916.14 612.91 934.14 630.91
1 33.53 869.47 82.53 918.47
1 31.58 53.5 70.58 89.5
1 794.62 443.67 815.62 470.67
1 797.12 419.56 813.12 436.56
1 989.1 591.4 1001.1 606.4
1 609.59 693.37 646.59 766.37
1 550.29 222.0 580.29 234.0
